5 16
12 9
0 20
22 18
7 20
26 20
16 9
18 30
6 28
7 8
12 13
31 9
5 9
15 9
9 4
21 20
11 10
34 9
14 34
14 18
25 9
14 9
27 24
33 33
11 20
28 17
20 19
12 20
34 5
29 20
12 33
31 9
21 9
16 9
10 4
11 6
13 0
30 32
16 11
26 20
9 9
25 7
0 9
16 3
28 20
9 9
14 19
26 9
1 12
5 9
17 28
14 26
25 23
16 20
2 20
34 9
0 20
14 20
14 19
27 21
21 9
5 20
14 20
5 9
32 20
14 22
16 17
8 9
3 20
11 14
29 7
17 34
12 10
16 25
22 20
32 11
32 25
20 20
27 7
14 9
26 12
18 9
15 3
1 20
16 20
30 20
24 14
27 9
14 32
10 20
30 32
16 9
9 27
32 8
7 9
23 9
8 9
25 9
17 20
15 10
