14 25
0 31
7 10
9 7
0 29
9 22
0 14
16 32
8 28
14 28
0 8
9 9
17 11
8 7
0 2
8 14
8 8
5 17
9 2
9 11
3 16
15 8
15 14
13 3
9 9
26 18
3 3
9 1
21 3
32 16
3 18
3 29
7 22
9 33
9 10
1 16
14 14
8 8
22 14
18 7
8 10
9 10
12 34
3 33
21 10
9 9
21 32
0 27
9 16
10 13
22 10
29 32
4 34
21 23
0 24
29 32
33 11
34 22
0 17
7 18
5 0
10 33
18 24
10 8
0 13
0 17
9 8
9 29
10 10
6 29
1 22
9 8
21 24
33 18
28 8
3 1
0 7
10 15
27 22
21 22
25 29
13 29
28 28
29 10
8 10
0 3
22 3
29 14
30 5
32 9
33 15
7 21
1 0
6 13
6 12
23 12
10 23
10 28
0 11
16 13
