30 15
17 2
8 17
26 9
5 20
14 11
18 30
14 9
28 9
17 30
21 20
16 11
2 20
17 9
11 20
5 9
30 9
32 5
22 23
14 26
16 20
30 9
14 9
27 9
20 9
5 17
20 4
19 19
10 2
21 19
5 20
3 23
14 19
25 20
19 7
17 9
14 30
10 9
19 6
32 9
14 9
11 9
13 11
7 25
7 9
0 12
22 4
2 9
6 9
14 9
9 20
14 19
19 17
19 20
14 25
14 19
14 9
15 20
0 20
17 2
34 20
0 20
24 9
12 7
4 10
7 9
34 22
25 9
20 10
13 23
22 9
2 31
26 9
14 9
0 19
18 20
12 9
18 10
7 9
0 11
24 8
29 9
22 28
15 8
30 9
3 16
16 27
16 20
5 19
17 20
25 9
3 18
11 20
34 12
18 5
9 18
20 20
12 9
33 21
16 6
12 32
8 19
26 13
6 4
12 9
17 9
14 3
14 6
31 9
23 20
14 20
20 12
26 9
24 9
22 7
20 30
20 9
23 20
11 9
14 19
8 31
18 29
23 27
14 10
8 17
6 9
14 17
23 15
17 20
14 4
23 19
9 9
33 9
20 19
25 18
12 23
18 32
15 0
31 34
18 20
26 20
16 12
28 15
15 9
9 9
5 9
19 21
20 10
26 9
3 9
14 5
30 34
30 20
31 20
30 9
11 29
20 34
9 9
26 25
6 4
20 9
16 9
16 20
23 20
27 9
5 20
2 12
28 26
14 20
0 33
25 9
14 20
7 31
33 19
17 9
20 20
14 8
20 5
12 23
28 9
15 19
12 9
4 24
27 17
31 9
5 9
24 20
5 7
28 18
16 19
0 10
6 19
24 16
6 14
8 33
14 32
8 10
11 3
13 32
0 9
0 5
19 34
27 25
6 20
19 34
3 32
31 29
2 20
2 26
13 29
22 20
16 20
20 8
8 29
14 23
14 9
25 16
21 18
30 20
19 17
31 9
23 9
2 20
23 20
22 20
23 20
5 19
20 8
19 20
8 20
14 10
21 5
26 20
14 19
18 18
3 20
13 20
2 20
16 19
1 19
19 22
24 9
9 9
14 20
11 20
5 20
20 20
24 30
9 5
29 9
8 5
27 29
4 29
20 9
14 17
1 9
32 5
7 20
26 20
24 9
29 20
32 20
7 20
19 20
12 20
23 21
5 27
12 8
7 9
31 9
4 17
10 9
4 34
7 27
14 23
10 9
12 0
3 9
14 17
29 17
30 33
6 8
15 7
22 23
15 16
6 28
34 13
21 15
32 32
21 9
18 22
20 8
22 9
23 9
10 9
14 20
27 9
33 11
21 31
26 11
32 5
20 19
27 9
12 9
5 17
23 20
10 8
17 9
23 9
20 9
14 31
6 9
19 9
14 17
3 23
30 29
9 5
1 5
30 26
7 10
5 9
15 18
0 20
28 17
18 6
28 20
21 19
14 17
16 17
17 19
12 9
13 9
24 0
16 4
16 0
14 6
14 21
16 20
30 9
13 9
28 9
3 9
16 18
14 19
24 24
34 20
3 8
5 19
2 9
16 8
32 9
20 7
15 9
14 20
20 9
21 18
30 23
26 18
19 19
0 20
2 20
17 20
3 9
8 5
6 20
16 17
15 20
3 31
19 11
28 9
15 15
14 20
16 15
14 20
6 9
15 20
31 4
27 9
4 9
32 13
6 20
11 19
16 12
26 8
2 8
34 20
5 9
34 9
8 9
11 11
12 9
14 23
18 6
17 9
0 20
11 31
15 16
2 17
31 9
1 6
14 7
21 20
14 9
4 25
20 15
29 9
6 9
1 19
23 9
9 6
23 9
31 0
21 33
17 20
6 20
27 9
20 16
9 19
30 26
34 9
0 9
14 20
10 20
22 9
5 20
16 20
19 20
24 5
8 20
14 25
2 16
14 20
27 30
29 20
5 30
31 20
6 18
17 20
28 9
21 9
10 19
5 9
14 9
17 31
31 19
11 4
7 20
17 22
20 9
27 12
14 1
1 14
34 5
24 4
3 20
14 9
31 14
33 31
22 10
20 19
10 24
8 11
8 10
9 8
8 20
24 9
6 23
22 9
5 9
28 9
6 19
20 18
6 7
17 22
5 20
20 33
13 10
16 9
27 9
16 14
13 27
14 20
28 21
10 15
32 26
26 5
13 20
19 12
27 9
14 29
14 3
8 17
12 24
16 20
14 20
30 2
30 9
27 20
2 9
8 9
7 9
4 6
16 15
10 7
21 10
5 9
17 9
17 5
18 15
34 9
14 7
14 20
2 29
19 17
14 20
5 32
7 11
28 30
32 13
31 20
33 9
3 28
15 9
29 9
27 34
1 25
27 19
30 20
10 9
8 16
19 3
7 33
12 16
21 24
6 9
17 24
27 33
28 6
2 25
15 9
9 8
0 19
29 1
14 14
24 9
20 7
8 9
8 20
26 9
14 9
2 9
1 20
11 19
15 20
28 9
0 17
16 19
0 9
20 9
10 13
10 0
25 20
14 22
12 9
22 28
14 9
28 10
2 9
10 9
30 20
3 10
10 9
12 20
25 20
18 7
30 14
1 20
2 9
14 20
33 7
0 28
9 9
8 31
26 17
19 14
6 8
22 9
8 8
17 20
11 20
27 28
24 9
13 14
5 19
5 20
5 20
14 5
4 19
34 21
14 20
8 20
31 14
25 9
0 24
7 20
31 23
14 9
8 20
0 16
15 16
28 9
18 20
6 8
17 1
29 9
20 3
20 24
18 31
14 9
22 20
14 20
25 19
31 20
26 9
17 20
5 20
33 9
20 9
13 9
24 20
20 9
5 9
23 9
20 20
34 19
8 18
20 18
21 27
21 9
6 9
14 17
12 2
15 26
9 9
15 9
33 20
24 20
25 9
23 23
30 9
26 11
24 9
20 21
23 9
1 9
20 20
20 9
21 11
23 20
31 9
20 9
14 19
3 13
30 20
8 32
6 7
14 17
33 8
23 9
22 9
17 27
15 9
10 20
20 9
22 32
0 12
25 19
18 19
9 9
28 9
17 33
1 9
19 20
19 20
22 20
19 20
2 9
30 27
2 20
14 20
11 19
18 14
0 19
24 20
6 20
14 20
10 29
16 23
34 4
24 9
28 23
29 7
33 26
20 2
15 23
5 20
21 20
14 20
9 9
15 20
19 17
27 9
14 9
5 17
14 8
15 9
30 20
4 0
5 22
29 16
16 7
6 25
14 10
12 9
14 14
15 9
21 9
14 33
6 9
19 20
9 9
25 20
11 9
5 9
33 7
6 20
15 25
10 17
22 20
17 10
28 20
15 11
1 9
6 7
14 3
27 32
14 0
13 5
14 9
17 20
11 14
3 9
8 20
16 20
5 9
14 31
11 31
26 25
27 3
3 30
24 9
19 14
5 5
15 19
22 9
20 6
9 28
8 17
19 10
5 9
14 20
14 21
8 14
4 17
30 27
16 9
14 20
0 28
14 7
16 20
14 20
20 19
14 20
29 11
11 12
11 9
11 9
9 9
28 1
33 9
14 19
25 23
6 20
14 9
31 20
23 9
9 3
18 7
24 19
7 9
5 8
3 20
22 12
6 9
9 9
10 6
21 16
3 9
0 18
8 9
3 17
4 22
19 9
17 25
25 9
21 9
32 29
10 9
17 20
32 9
33 9
18 22
23 9
17 20
24 9
13 20
11 20
16 9
24 5
5 20
20 9
14 33
7 28
11 11
34 30
26 20
26 20
14 24
14 20
4 20
16 9
31 17
11 9
7 20
29 29
9 27
28 8
14 9
11 20
14 27
17 9
29 20
11 29
19 23
15 8
24 12
14 9
22 10
10 10
20 9
19 20
17 20
15 14
19 20
15 14
7 20
14 6
4 22
19 17
17 27
14 19
15 20
16 16
16 17
14 9
14 34
27 16
16 9
17 24
24 18
9 9
19 7
16 4
15 20
14 9
33 20
13 20
28 9
11 23
13 17
11 19
32 19
23 17
18 9
14 9
31 20
16 15
14 32
26 9
4 19
5 16
2 27
19 1
33 20
14 9
14 20
30 13
14 16
14 9
29 19
5 19
31 20
12 19
17 4
22 9
9 10
31 20
16 9
13 9
29 22
20 5
5 20
34 20
20 9
10 17
8 10
18 17
25 31
11 14
11 16
24 9
15 22
26 20
12 9
12 11
28 25
14 9
10 19
1 26
14 19
8 20
15 19
6 9
32 16
28 4
24 9
28 20
31 18
8 20
14 20
28 9
11 6
21 30
5 23
14 3
14 9
15 23
23 9
16 9
14 22
13 20
14 9
14 20
5 9
14 9
12 9
34 34
20 14
12 22
31 20
19 34
26 9
28 18
17 21
17 9
19 14
34 31
33 20
3 9
18 20
16 8
14 20
2 20
14 20
14 33
11 6
28 5
20 9
6 7
14 24
29 20
13 14
31 5
32 9
14 20
15 9
27 9
25 8
2 9
14 22
