30 15
17 2
8 17
26 9
5 20
14 11
18 30
14 9
28 9
17 30
21 20
16 11
2 20
17 9
11 20
5 9
30 9
32 5
22 23
14 26
16 20
30 9
14 9
27 9
20 9
5 17
20 4
19 19
10 2
21 19
5 20
3 23
14 19
25 20
19 7
17 9
14 30
10 9
19 6
32 9
14 9
11 9
13 11
7 25
7 9
0 12
22 4
2 9
6 9
14 9
9 20
14 19
19 17
19 20
14 25
14 19
14 9
15 20
0 20
17 2
34 20
0 20
24 9
12 7
4 10
7 9
34 22
25 9
20 10
13 23
22 9
2 31
26 9
14 9
0 19
18 20
12 9
18 10
7 9
0 11
24 8
29 9
22 28
15 8
30 9
3 16
16 27
16 20
5 19
17 20
25 9
3 18
11 20
34 12
18 5
9 18
20 20
12 9
33 21
16 6
12 32
8 19
26 13
6 4
12 9
17 9
14 3
14 6
31 9
23 20
14 20
20 12
26 9
24 9
22 7
20 30
20 9
23 20
11 9
14 19
8 31
18 29
23 27
14 10
8 17
6 9
14 17
23 15
17 20
14 4
23 19
9 9
33 9
20 19
25 18
12 23
18 32
15 0
31 34
18 20
26 20
16 12
28 15
15 9
9 9
5 9
19 21
20 10
26 9
3 9
14 5
30 34
30 20
31 20
30 9
11 29
20 34
9 9
26 25
6 4
20 9
16 9
16 20
23 20
27 9
5 20
2 12
28 26
14 20
0 33
25 9
14 20
7 31
33 19
17 9
20 20
14 8
20 5
12 23
28 9
15 19
12 9
4 24
27 17
31 9
5 9
24 20
5 7
28 18
16 19
0 10
6 19
24 16
6 14
8 33
14 32
8 10
11 3
13 32
0 9
0 5
19 34
27 25
6 20
19 34
3 32
31 29
2 20
2 26
13 29
22 20
16 20
20 8
8 29
14 23
14 9
25 16
21 18
30 20
19 17
31 9
23 9
2 20
23 20
22 20
23 20
5 19
20 8
19 20
8 20
14 10
21 5
26 20
14 19
18 18
3 20
13 20
2 20
16 19
1 19
19 22
24 9
9 9
14 20
11 20
5 20
20 20
24 30
9 5
29 9
8 5
27 29
4 29
20 9
14 17
1 9
32 5
7 20
26 20
24 9
29 20
32 20
7 20
19 20
12 20
23 21
5 27
12 8
7 9
31 9
4 17
10 9
4 34
7 27
14 23
10 9
12 0
3 9
14 17
29 17
30 33
6 8
15 7
22 23
15 16
6 28
34 13
21 15
32 32
21 9
18 22
20 8
22 9
23 9
10 9
14 20
27 9
33 11
21 31
26 11
32 5
20 19
27 9
12 9
5 17
23 20
10 8
17 9
23 9
20 9
14 31
6 9
19 9
14 17
3 23
30 29
9 5
1 5
30 26
7 10
5 9
15 18
0 20
28 17
18 6
28 20
21 19
14 17
16 17
17 19
12 9
13 9
24 0
16 4
16 0
14 6
14 21
16 20
30 9
13 9
28 9
3 9
16 18
14 19
24 24
34 20
3 8
5 19
2 9
16 8
32 9
20 7
15 9
14 20
20 9
21 18
30 23
26 18
19 19
0 20
2 20
17 20
3 9
8 5
6 20
16 17
15 20
3 31
19 11
28 9
15 15
14 20
16 15
14 20
6 9
15 20
31 4
27 9
4 9
32 13
6 20
11 19
16 12
26 8
2 8
34 20
5 9
34 9
8 9
11 11
12 9
14 23
18 6
17 9
0 20
11 31
15 16
2 17
31 9
1 6
14 7
21 20
14 9
4 25
20 15
29 9
6 9
1 19
23 9
9 6
23 9
31 0
21 33
17 20
6 20
27 9
20 16
9 19
30 26
34 9
0 9
14 20
10 20
22 9
5 20
16 20
19 20
24 5
8 20
14 25
2 16
14 20
27 30
29 20
5 30
31 20
6 18
17 20
28 9
21 9
10 19
5 9
14 9
17 31
31 19
11 4
7 20
17 22
20 9
27 12
14 1
1 14
34 5
24 4
3 20
14 9
31 14
33 31
22 10
20 19
10 24
8 11
8 10
9 8
8 20
24 9
6 23
22 9
5 9
28 9
6 19
20 18
6 7
17 22
5 20
20 33
13 10
16 9
27 9
16 14
13 27
14 20
28 21
10 15
32 26
26 5
13 20
19 12
27 9
14 29
14 3
8 17
12 24
16 20
14 20
30 2
30 9
27 20
2 9
8 9
