2 19
20 19
20 19
2 29
2 12
2 19
2 8
2 19
2 19
2 12
2 19
2 19
20 12
2 19
2 19
20 19
2 19
2 19
2 19
16 28
2 19
2 19
2 19
2 6
2 19
2 19
2 5
20 19
20 12
2 19
12 19
2 19
2 19
2 19
2 19
20 19
2 19
2 12
2 24
2 15
2 19
20 20
32 19
2 19
2 19
2 19
2 19
2 12
20 19
2 19
2 12
2 19
2 12
2 19
2 19
2 12
20 19
2 19
2 19
20 19
20 19
2 19
2 19
2 19
2 19
2 19
2 20
2 19
2 19
2 19
2 19
2 19
2 19
20 19
2 19
5 19
20 19
2 9
20 19
2 12
20 13
2 19
2 29
2 12
2 19
2 19
2 19
20 19
2 12
2 33
2 19
2 19
2 12
2 19
2 19
2 19
2 19
2 19
2 19
2 19
20 19
20 19
20 19
2 15
2 19
2 6
11 19
2 19
29 19
2 19
2 19
2 21
2 19
2 19
2 19
2 12
2 19
20 19
2 19
2 32
2 12
2 12
18 12
2 19
2 19
2 12
2 0
20 19
2 19
2 19
2 19
2 24
2 19
2 12
2 19
2 19
2 19
2 9
20 19
16 19
2 19
2 19
2 19
2 19
2 12
2 12
2 19
20 19
2 19
2 19
2 34
2 28
2 19
2 19
20 19
2 19
2 19
2 19
2 19
2 30
2 19
2 19
20 19
2 19
2 19
2 12
2 19
2 0
2 19
2 19
2 19
11 19
2 19
2 19
2 19
20 19
2 19
2 16
2 19
2 19
2 12
2 19
2 19
20 19
2 31
2 12
2 19
2 19
2 19
2 19
2 19
20 19
2 19
2 12
2 21
2 19
2 12
2 6
2 22
2 19
2 19
2 21
2 19
2 19
2 19
2 19
20 19
2 19
2 19
2 19
2 19
2 19
2 3
2 19
2 19
2 19
2 19
2 19
2 19
2 19
2 0
2 19
2 12
2 19
2 19
2 19
2 4
2 19
2 19
2 33
2 19
2 19
20 19
2 19
2 12
2 19
2 19
2 19
2 19
33 19
2 19
20 19
2 19
2 12
2 19
20 19
2 19
2 19
2 19
20 3
2 19
2 19
2 19
2 19
2 19
2 20
2 19
2 19
20 4
20 19
20 6
20 19
2 19
2 19
2 19
2 19
20 19
2 4
2 12
2 19
2 19
2 20
2 19
2 6
2 19
2 19
2 19
2 19
20 19
2 19
2 19
2 19
2 19
2 19
2 19
2 19
2 19
23 19
2 19
2 19
2 19
2 19
2 12
20 4
2 19
2 19
2 20
2 19
2 19
20 12
2 19
30 12
20 19
2 19
2 12
2 30
20 12
2 19
2 19
2 19
2 26
2 19
20 12
2 19
2 20
2 19
2 19
2 19
2 19
2 19
2 19
2 19
2 19
20 19
2 19
2 19
20 19
2 12
2 19
2 12
20 19
2 19
2 19
2 19
2 19
2 19
2 19
2 19
2 19
2 19
2 19
2 24
2 19
20 19
2 19
20 19
2 19
2 19
2 19
2 19
2 20
2 11
2 19
2 12
2 19
20 19
2 8
2 9
2 19
2 19
2 12
2 19
20 19
20 19
2 19
2 19
2 19
2 19
2 19
2 34
2 19
2 19
2 12
2 12
20 19
2 12
2 19
2 19
2 19
2 19
2 19
2 12
2 12
2 19
20 19
2 12
2 19
20 19
2 20
20 19
2 19
2 19
2 19
2 19
2 19
2 31
2 19
20 19
2 19
2 19
2 19
2 19
2 19
2 2
2 19
2 19
2 19
2 19
2 19
2 12
2 19
2 19
20 19
2 19
2 19
2 19
2 19
2 19
2 19
2 19
2 19
2 19
2 19
20 16
20 19
2 19
2 12
2 12
2 4
2 19
2 19
2 19
20 19
2 19
2 19
20 12
20 19
2 12
2 19
2 19
2 19
2 19
2 19
2 19
2 12
2 12
2 19
20 19
2 19
2 19
2 12
2 19
2 28
2 19
2 19
2 19
2 19
2 19
2 12
2 19
2 28
2 19
2 20
2 19
2 19
2 19
2 19
28 3
2 19
20 19
20 19
2 19
20 12
2 6
2 19
2 19
2 19
2 19
2 19
2 12
2 19
2 12
2 19
2 19
2 19
2 12
2 20
2 19
20 19
2 12
2 12
2 20
2 19
20 19
20 19
2 12
2 19
2 19
20 19
20 6
2 19
2 19
2 19
20 19
2 19
2 26
2 19
2 19
2 19
20 19
2 19
2 20
20 12
2 19
2 12
2 19
2 2
2 19
28 19
20 19
2 19
2 19
2 12
2 19
2 19
2 19
2 19
2 19
2 33
20 18
20 19
2 19
2 19
20 19
2 4
2 19
4 19
20 19
2 19
2 19
2 19
2 12
2 19
2 19
2 19
2 19
20 19
2 19
20 19
2 19
2 19
2 19
20 12
2 19
2 19
2 19
2 6
2 19
2 19
20 19
2 19
20 19
20 19
2 12
2 19
2 12
2 19
2 19
2 19
2 7
2 19
2 19
2 19
2 19
2 19
2 19
2 19
2 19
2 19
20 19
2 19
2 19
2 19
2 19
2 12
2 19
20 19
2 19
2 19
2 19
2 19
20 20
2 19
2 12
2 19
2 19
2 19
2 19
2 19
2 19
2 19
33 34
2 32
20 19
20 19
2 19
2 20
20 19
2 19
2 19
2 12
2 19
2 19
2 19
2 19
2 19
2 19
2 19
2 9
2 12
2 9
20 19
2 19
2 19
2 12
2 19
2 19
2 19
2 19
20 12
2 19
2 12
2 19
20 19
2 12
2 19
2 12
2 19
2 19
2 19
2 19
2 19
20 19
2 20
2 19
2 19
2 19
2 19
2 19
2 19
2 19
20 19
2 19
20 19
2 19
2 19
2 19
2 19
2 19
2 19
2 19
2 4
2 19
2 19
2 19
2 19
20 19
2 19
2 19
2 19
20 4
2 4
2 19
2 19
2 15
2 19
2 20
2 19
2 19
2 12
2 19
20 19
2 19
20 19
20 2
2 12
2 2
27 19
20 12
2 19
2 12
2 19
2 19
2 19
2 19
20 12
2 1
2 19
2 19
20 19
2 19
2 12
2 19
2 19
2 19
2 19
2 19
2 19
2 19
2 12
2 19
2 19
20 19
2 19
20 19
2 19
2 19
2 6
2 19
2 19
2 19
2 19
2 19
2 19
2 19
2 12
2 19
2 19
2 19
2 19
2 19
2 19
2 27
20 19
2 12
2 10
20 19
20 2
2 19
2 19
29 12
2 12
20 12
2 19
2 12
20 16
2 19
2 19
20 19
2 2
2 19
2 19
2 12
2 2
2 12
2 19
2 19
2 19
2 19
20 19
2 19
2 19
2 19
2 19
20 19
2 12
2 19
16 19
2 19
2 19
2 19
20 19
2 19
11 20
2 19
2 19
2 19
20 19
2 19
2 19
2 19
2 19
2 19
2 19
20 19
2 19
2 3
2 19
20 12
2 19
2 19
2 19
2 19
20 28
2 19
2 12
2 19
2 19
2 19
20 19
2 19
2 19
20 12
2 19
2 4
2 20
2 19
20 19
2 19
2 19
2 12
20 19
20 19
20 19
20 12
20 9
2 19
2 12
2 20
20 19
2 19
2 19
2 19
2 12
2 19
2 19
2 19
20 19
2 12
2 19
2 19
2 12
2 19
2 19
20 19
2 19
20 19
20 19
2 19
2 19
2 19
2 20
2 32
2 19
2 19
20 19
2 19
2 9
2 20
2 0
20 19
2 19
2 15
2 19
2 19
2 19
2 34
2 19
20 19
2 19
2 19
2 12
2 19
2 12
2 19
2 18
2 12
2 19
2 19
13 19
2 19
2 12
2 19
2 9
2 19
20 19
20 19
2 12
2 19
20 19
2 4
2 19
2 20
2 29
2 12
2 19
2 12
2 19
20 20
2 19
2 19
2 10
2 19
2 12
2 12
2 19
2 20
2 12
2 19
2 12
2 19
2 19
2 19
2 19
2 19
2 12
2 12
2 19
2 19
20 19
2 19
2 19
2 19
2 19
2 12
2 19
2 12
2 19
2 19
2 12
2 19
2 19
20 6
20 12
2 19
2 19
20 20
2 19
2 19
2 19
2 9
2 19
2 19
2 19
20 19
2 20
2 20
2 19
2 19
2 19
20 19
2 19
8 12
11 19
2 19
2 19
2 19
2 4
2 19
2 19
2 19
2 19
2 19
2 32
2 19
2 19
16 19
2 19
2 12
2 12
2 12
2 19
2 19
2 19
2 19
2 19
2 21
2 16
2 12
2 19
2 19
20 19
2 19
2 12
2 19
2 19
2 19
2 19
2 32
2 19
2 19
20 19
2 19
20 19
2 12
2 19
2 19
2 19
2 19
20 19
2 19
2 12
2 19
2 12
20 19
2 20
2 19
2 19
20 19
2 19
