5 17
12 22
0 20
23 9
7 22
27 9
16 20
19 18
7 5
7 9
13 8
31 13
5 10
15 33
9 9
22 14
11 20
34 9
15 20
14 20
25 25
14 17
28 9
34 3
12 9
28 24
21 9
13 9
34 7
30 5
13 20
31 19
22 9
16 20
10 19
11 13
13 20
31 9
16 25
27 9
9 15
25 20
0 9
16 18
28 33
9 19
14 21
26 20
1 11
5 9
18 20
15 9
26 9
17 9
2 19
34 9
0 20
14 24
14 20
28 9
22 8
5 20
14 25
5 9
32 20
15 9
16 34
8 18
3 20
11 24
29 13
18 27
13 5
17 18
23 12
32 18
32 33
21 10
27 19
14 9
26 25
19 4
15 20
1 20
17 9
30 25
25 4
27 20
15 20
11 9
31 9
16 20
10 14
32 9
7 9
24 5
8 16
25 32
18 13
16 4
