4 16
11 24
0 15
26 5
7 1
29 11
19 21
22 9
6 9
6 16
11 31
32 16
4 10
18 10
8 24
25 18
10 29
34 17
17 31
16 0
28 8
14 31
30 5
34 11
11 6
30 21
24 19
12 1
34 12
31 16
12 11
32 19
25 11
19 21
9 21
10 14
12 11
32 9
19 25
29 11
8 28
28 3
0 5
19 6
30 23
8 30
16 7
28 31
0 33
4 4
21 18
17 15
28 22
20 8
1 33
34 18
0 13
16 13
16 1
30 3
25 9
4 33
16 16
3 30
33 15
17 7
19 32
7 31
2 33
10 31
31 0
21 21
11 30
20 16
26 9
33 9
33 19
24 26
29 21
13 23
29 2
21 25
17 33
1 3
20 2
32 2
27 20
29 24
17 28
10 4
32 9
19 15
9 18
33 2
6 17
26 27
7 29
28 10
21 9
18 13
