32 10 2

Slice 1
-0.1941860318183899,-0.2039608657360077
0.6173127889633179,0.5787605047225952
1.595900535583496,1.665279507637024
0.6509596109390259,0.6417492628097534
-0.6606533527374268,-0.7730357050895691
-1.7921065092086792,-1.7699192762374878
-0.1363627165555954,-0.12412536144256592
1.1250524520874023,1.1850662231445312
0.18926294147968292,0.17794591188430786
-0.19382375478744507,-0.23049233853816986

Slice 2
0.3549219071865082,0.4423864483833313
0.27107852697372437,0.2667035460472107
-1.1726467609405518,-0.4972735643386841
1.0912190675735474,1.0253053903579712
0.2823505699634552,0.6273953914642334
0.11685395240783691,0.28611326217651367
0.16466322541236877,-0.11959782987833023
0.00105377531144768,-0.12395942956209183
-0.0030644123908132315,-0.014787564054131508
0.35042044520378113,0.07447762042284012

Slice 3
0.00721866125240922,-0.13033746182918549
0.9932053685188293,0.9677736163139343
0.09345521777868271,0.03819473832845688
0.5227165818214417,0.542705774307251
0.55222088098526,0.45956653356552124
-0.34094521403312683,-0.43172475695610046
-1.2195683717727661,-1.4348981380462646
-0.5255715250968933,-0.6487604379653931
1.6289496421813965,1.5708091259002686
0.65139240026474,0.636903703212738

Slice 4
0.799945056438446,0.802155613899231
-0.5255569815635681,-0.39219143986701965
0.7894299030303955,0.8534208536148071
-0.007881661877036095,0.021557360887527466
-0.022140569984912872,0.036873672157526016
0.33201539516448975,0.30107417702674866
-0.12274044007062912,-0.12121810019016266
1.6754602193832397,1.643006443977356
0.8510051965713501,0.7965792417526245
-0.7467933893203735,-0.7498154640197754

Slice 5
-1.1825886964797974,-0.6278516054153442
-0.09913565218448639,-0.42991015315055847
-0.08441439270973206,0.10858165472745895
-0.09673390537500381,0.47455140948295593
0.1585949957370758,-0.46189871430397034
0.6293345093727112,0.0444832518696785
0.7804931402206421,0.22015716135501862
1.9254188537597656,1.8446500301361084
-1.0626473426818848,-1.0121021270751953
-0.14475397765636444,-0.3072430491447449

Slice 6
-0.2425086349248886,-0.6572713255882263
-0.0882924497127533,-0.7757686376571655
-1.7002394199371338,-1.318936824798584
-0.19424498081207275,0.09355203807353973
0.6665053367614746,0.6617575287818909
0.031865984201431274,0.2215287685394287
-0.2300676852464676,0.040879152715206146
-0.7313492298126221,0.05123985558748245
0.2858882248401642,0.4246056079864502
-1.305069923400879,-1.3205960988998413

Slice 7
-0.22681590914726257,1.0084444284439087
1.3762766122817993,0.11036483198404312
0.3413868546485901,0.13677726686000824
-0.1339234709739685,0.7868370413780212
-0.1678677797317505,-2.42526912689209
0.6854130625724792,0.3078160285949707
0.3915262818336487,0.1879233866930008
-1.9845681190490723,0.8593764305114746
-0.807129979133606,-0.82402503490448
-0.9750223755836487,-0.9872086048126221

Slice 8
-1.5624120235443115,0.4882373511791229
0.03522801399230957,0.11065085232257843
0.18102125823497772,0.727502167224884
0.4540729522705078,-0.07210346311330795
0.6239251494407654,-2.2104787826538086
1.0510900020599365,0.16626526415348053
-1.773650884628296,-0.3509829342365265
0.5808462500572205,0.009866368025541306
0.47295862436294556,-0.4395638704299927
-0.5295526385307312,-0.18150360882282257

Slice 9
0.5915274024009705,0.6322410106658936
0.6980816125869751,1.689550757408142
1.2436603307724,0.39918455481529236
0.15700408816337585,0.12235073000192642
1.4270440340042114,-0.5220975279808044
-0.5414621829986572,-0.512848436832428
0.6172580718994141,-0.1423768252134323
-0.3626352846622467,0.31238144636154175
-0.44337308406829834,0.6571975350379944
0.168552964925766,-2.1117029190063477

Slice 10
0.6788547039031982,0.795913815498352
0.6706139445304871,0.7088058590888977
-0.7135666012763977,-0.7098162770271301
-1.3437082767486572,-1.3261281251907349
1.0290169715881348,1.0158178806304932
0.3163774609565735,0.31481680274009705
0.7358965277671814,0.8470202088356018
-0.17370107769966125,-0.12754403054714203
0.35978785157203674,0.35398027300834656
0.6996886134147644,0.6496273875236511

Slice 11
0.5059952735900879,0.40385183691978455
-0.8348315358161926,-0.8853400349617004
-1.0331413745880127,-0.7630984783172607
-0.6577686667442322,-0.666671633720398
0.7801526784896851,0.7405010461807251
0.821172297000885,0.6899229288101196
-0.03583582490682602,0.06257528811693192
0.46088212728500366,0.4438856840133667
-0.3224179148674011,-0.42619508504867554
1.4194611310958862,1.0789706707000732

Slice 12
-0.46298858523368835,-0.12559328973293304
0.6256822943687439,0.6422330737113953
-0.7972541451454163,0.6478527784347534
0.8551037907600403,0.1629050374031067
0.03372795879840851,-0.3911535441875458
-0.1309325248003006,-0.09614022821187973
0.10102781653404236,-1.1884087324142456
1.1072252988815308,0.5661376118659973
-0.045591555535793304,0.19202348589897156
0.6420442461967468,0.7409021258354187

Slice 13
-1.7065852880477905,-0.8385454416275024
0.3142194151878357,0.22113683819770813
0.5654266476631165,1.256021499633789
0.08991827070713043,-0.025995034724473953
-0.9585757851600647,-0.29041025042533875
-0.48287713527679443,-0.09116356819868088
0.8266975283622742,0.7759585380554199
0.35397443175315857,0.6283899545669556
-1.647481083869934,-1.6838356256484985
-0.29882222414016724,0.3986414670944214

Slice 14
-1.8539462089538574,-0.15812987089157104
0.09329143166542053,0.689269483089447
0.30193063616752625,1.18989896774292
0.649759829044342,-0.0968867763876915
-0.21015049517154694,-0.23772752285003662
-0.2412835955619812,-0.1261862814426422
0.6888953447341919,0.05710187926888466
-0.6931340098381042,2.7584915161132812
1.710822582244873,0.13892172276973724
0.5238963961601257,0.37721946835517883

Slice 15
1.6288753747940063,1.621480941772461
0.7416484951972961,0.7751762270927429
0.5067193508148193,0.5301821827888489
-0.026217903941869736,0.006566091440618038
0.8295606374740601,0.9310232400894165
0.03246067836880684,-0.06758648157119751
-0.7514925599098206,-0.7611175775527954
0.861404538154602,0.8801548480987549
-0.3026169538497925,-0.29682010412216187
-0.799469530582428,-0.6971631050109863

Slice 16
0.45051613450050354,-0.08458617329597473
0.129738450050354,-0.9114934802055359
1.7621781826019287,0.9639497995376587
1.689156413078308,1.3351298570632935
0.8037458062171936,-0.021135205402970314
0.9604421257972717,0.24449338018894196
0.4890570640563965,1.505734920501709
1.445157527923584,0.349732905626297
1.0082299709320068,0.3058924376964569
0.6088956594467163,1.4041353464126587

Slice 17
0.3289899528026581,0.461283802986145
-0.7940854430198669,-0.6408416032791138
0.8551099300384521,1.0807350873947144
0.723371148109436,1.0073243379592896
-0.10266770422458649,-0.12305225431919098
0.06681079417467117,0.025707295164465904
-0.47184866666793823,-0.7647825479507446
0.7026987075805664,0.4593279957771301
-0.07684998959302902,-0.08199908584356308
-0.6384568214416504,0.7128769159317017

Slice 18
-0.06440173834562302,-0.022751502692699432
0.8560006618499756,0.8583545088768005
-1.1252315044403076,-1.1857892274856567
0.5638077855110168,0.5074942111968994
1.0233783721923828,1.000270962715149
0.30238860845565796,0.2927539348602295
0.37126243114471436,0.2691734731197357
-0.12846828997135162,-0.1451469510793686
-0.024688707664608955,-0.04289206117391586
-0.03850124403834343,-0.05316639691591263

Slice 19
0.11199159175157547,0.036735668778419495
0.3883349299430847,0.30943024158477783
1.9705967903137207,1.9125168323516846
0.13271954655647278,0.17706069350242615
-1.6569576263427734,-1.8014132976531982
-0.11362989991903305,-0.021348176524043083
0.11910969018936157,0.14759591221809387
-0.5664881467819214,-0.6480458974838257
0.7918363213539124,0.8444236516952515
-0.7446144819259644,-0.9057424068450928

Slice 20
1.1555638313293457,1.1747751235961914
-1.3811416625976562,-1.4204206466674805
-0.7550669312477112,-0.74785977602005
0.35250720381736755,0.4640618860721588
0.08529891073703766,0.07177376002073288
-0.318312406539917,-0.295971155166626
-1.6051051616668701,-1.632476568222046
0.5139955878257751,0.4647177755832672
-0.4457467496395111,-0.43213820457458496
1.1713173389434814,1.238073706626892

Slice 21
0.3962618410587311,0.3339034616947174
-0.19719699025154114,-0.16011370718479156
-0.6666184663772583,-0.6314436793327332
-1.06046462059021,-1.0500577688217163
0.10423492640256882,0.14261958003044128
0.09031413495540619,0.07259418815374374
1.2151309251785278,1.2498478889465332
0.16782918572425842,0.12123260647058487
-2.041393995285034,-2.0506136417388916
0.23683394491672516,0.2494519054889679

Slice 22
0.7819344997406006,0.7133883237838745
-1.1422607898712158,-0.7947032451629639
1.225180983543396,1.293036699295044
0.6965121030807495,-0.7322250008583069
0.26113080978393555,0.892268717288971
-1.2863194942474365,-0.8817237019538879
0.08320409059524536,1.0078999996185303
-0.18370714783668518,-0.11514807492494583
0.4226122498512268,0.5583832263946533
-0.22642169892787933,0.15268616378307343

Slice 23
0.6133066415786743,0.028193050995469093
-0.5290457010269165,-0.5106996893882751
0.3996178209781647,0.12156827747821808
1.096426010131836,1.8941130638122559
0.6657952666282654,0.20198853313922882
0.7661759853363037,0.7383751273155212
-0.006371654104441404,-0.5366613864898682
-1.1632301807403564,-1.2494465112686157
0.1303141564130783,0.0974273532629013
-0.4885161817073822,-0.5767842531204224

Slice 24
0.6963952779769897,0.7220643758773804
0.9524921178817749,1.4350769519805908
1.2649704217910767,1.1815803050994873
1.185143232345581,1.1252552270889282
0.9799239039421082,1.0909672975540161
-0.21677736937999725,-0.26679226756095886
-0.5560572147369385,-0.44426339864730835
-0.09443835914134979,-0.08719727396965027
0.49589741230010986,0.3966802954673767
-1.4960542917251587,-1.5591014623641968

Slice 25
-0.7849435806274414,-0.6576166749000549
0.22546471655368805,0.26769009232521057
0.18416960537433624,0.18927571177482605
-0.9031994938850403,-0.9506007432937622
0.615983247756958,0.7212185859680176
0.2261284440755844,0.2357654869556427
0.5173844695091248,0.4811685085296631
0.4214628040790558,0.3197801411151886
0.18934080004692078,0.17370855808258057
1.6874967813491821,1.7061984539031982

Slice 26
0.7412096261978149,0.7803523540496826
-0.2368718385696411,1.6594346761703491
-0.5688348412513733,1.0383659601211548
0.24260558187961578,-1.0968313217163086
-0.5722461938858032,-0.5745291113853455
0.9842923283576965,0.020914999768137932
0.10042262822389603,-0.6940826177597046
0.03381983935832977,-0.6085072755813599
1.3238962888717651,-1.736150860786438
-0.20071837306022644,-0.16962231695652008

Slice 27
0.39787721633911133,0.33501431345939636
0.1179155558347702,0.09301769733428955
0.7088649272918701,0.7124444842338562
0.3349646329879761,0.3118191659450531
-0.5221642851829529,-0.5263887047767639
-0.12222936004400253,-0.09214498847723007
0.5454782247543335,0.5693013072013855
0.4801296293735504,0.4890604615211487
1.1546192169189453,1.084145426750183
-0.6386597156524658,-0.6616697311401367

Slice 28
0.44684022665023804,0.4688941538333893
-0.6365306377410889,-0.6169155240058899
0.7801646590232849,0.7355400919914246
0.5052847862243652,0.5229036211967468
-0.48397204279899597,-0.5796903967857361
-0.3485810160636902,-0.3961408734321594
-0.3276040852069855,-0.37390103936195374
0.36625170707702637,0.27262812852859497
0.41409167647361755,0.45461922883987427
-0.4846537709236145,-0.4778340756893158

Slice 29
0.11484598368406296,0.17042240500450134
-0.22830531001091003,0.5711060762405396
0.531912088394165,0.5652728080749512
-0.7877309918403625,-1.026046633720398
-0.16127216815948486,-0.18920740485191345
0.6614446640014648,0.8472708463668823
-1.1945477724075317,-0.9580568671226501
-0.44660884141921997,-0.0837833359837532
-0.1489364355802536,0.5510773062705994
0.7548269629478455,0.20929957926273346

Slice 30
-0.6052318811416626,-0.5992457866668701
0.5905062556266785,0.6136041879653931
0.6977415680885315,0.7532045245170593
-0.046670056879520416,-0.028261905536055565
0.11732541024684906,0.10206340253353119
0.37015172839164734,0.5244921445846558
-1.7227169275283813,-1.6279058456420898
-0.8390705585479736,-0.8728772401809692
-0.5762443542480469,-0.7789879441261292
-1.2089977264404297,-1.246150016784668

Slice 31
0.5961526036262512,0.6224697828292847
0.2444017380475998,0.5944539308547974
0.28366658091545105,0.48647093772888184
-0.45728611946105957,-0.340315043926239
1.160979151725769,1.5399670600891113
-0.917084813117981,-0.6516344547271729
0.30296656489372253,0.25577256083488464
-1.2244460582733154,-1.2298802137374878
-0.06064503267407417,-0.14937086403369904
0.6339747905731201,0.7063742280006409

Slice 32
1.4532885551452637,1.1355470418930054
0.6053318977355957,0.9237074851989746
0.6525601744651794,0.1476079672574997
-0.44023826718330383,0.3044150173664093
1.180130958557129,0.165736123919487
0.7767066955566406,-0.8598469495773315
-0.5376763343811035,-1.184740424156189
-0.501228928565979,-0.5013634562492371
-1.0622655153274536,0.23059849441051483
1.9034245014190674,1.6768512725830078
