31 26
20 0
7 32
28 23
4 30
14 16
21 24
14 10
30 5
20 32
24 33
19 2
2 6
20 7
10 24
4 3
31 24
32 32
25 30
16 20
19 17
31 19
13 16
29 15
23 14
4 20
22 32
22 13
9 9
24 32
4 28
3 3
15 6
28 4
21 29
20 7
16 29
9 13
21 28
32 34
13 30
10 6
12 5
7 6
6 19
0 10
25 9
1 21
5 20
13 13
9 0
15 8
22 10
22 19
16 18
15 2
14 11
17 33
0 14
20 0
34 27
0 14
27 3
11 6
3 13
6 22
34 30
27 24
23 17
12 15
25 16
2 14
28 18
13 34
0 13
21 18
11 8
21 10
6 20
0 9
26 30
30 29
25 32
17 9
31 21
2 28
19 29
19 24
4 22
20 27
27 27
2 30
10 27
34 21
21 1
8 32
24 4
11 14
34 5
18 17
