16 19
10 34
32 29
13 18
23 9
5 23
6 10
2 34
10 14
13 20
18 34
9 14
8 0
24 5
2 32
2 30
8 19
11 25
32 26
33 6
4 30
23 28
8 9
14 14
27 16
1 27
7 22
0 7
25 2
29 34
24 26
16 10
24 3
29 7
2 27
26 0
28 22
24 9
10 14
33 5
15 15
30 31
3 3
2 16
26 10
25 34
11 10
11 31
17 21
1 18
3 14
25 27
13 10
12 16
25 9
7 19
7 26
23 1
29 13
22 26
5 0
28 3
10 18
16 2
9 24
18 9
12 15
18 13
11 14
16 23
29 34
14 21
34 5
14 21
11 8
32 31
26 8
24 0
1 15
28 25
26 20
30 0
33 29
7 2
6 28
33 11
28 34
6 10
17 7
16 19
22 19
2 12
34 10
32 18
6 13
1 31
26 34
25 11
27 28
25 5
21 17
15 16
12 2
11 20
1 32
6 34
12 16
24 27
12 15
28 5
19 13
13 9
29 25
11 21
28 2
24 8
6 9
10 22
16 23
23 6
2 13
3 29
26 14
31 27
27 18
33 28
8 19
18 26
3 9
33 5
27 21
12 9
0 21
33 14
16 7
31 4
4 30
12 28
14 20
31 15
27 3
21 3
21 22
4 21
11 16
19 0
2 8
17 12
26 20
25 30
2 16
26 31
24 12
28 8
28 27
26 11
28 13
29 22
2 9
21 16
20 29
12 15
31 13
12 5
22 6
12 4
30 22
15 11
23 8
18 19
33 3
16 19
9 6
2 27
3 23
18 17
2 26
20 13
20 34
12 14
15 9
24 15
7 2
28 11
14 12
11 17
12 33
32 34
25 7
17 27
3 4
5 27
27 12
30 3
26 3
32 8
21 31
13 2
11 0
30 1
34 23
16 11
20 4
5 22
9 27
30 20
18 18
10 10
19 23
30 2
31 22
7 8
34 32
11 3
6 21
31 1
0 32
5 11
13 21
12 9
23 9
27 14
27 14
30 23
23 22
22 7
8 30
16 34
29 2
14 27
19 10
33 20
3 28
32 28
33 14
34 7
32 20
6 0
17 3
5 2
15 32
15 27
10 20
10 19
32 8
9 3
12 28
27 7
13 1
20 24
5 16
10 15
29 16
8 31
30 1
18 33
21 18
21 8
31 6
6 32
21 30
15 34
10 32
34 0
34 23
10 16
31 13
33 13
16 5
4 8
32 7
19 10
3 1
10 22
5 6
12 27
16 21
7 29
25 30
19 8
12 3
6 8
1 9
4 20
27 22
28 10
22 28
4 24
22 5
1 22
8 0
30 5
34 31
15 33
13 0
20 10
19 0
32 9
23 8
29 15
17 12
10 22
28 32
3 1
12 15
16 0
10 0
10 25
34 2
20 11
23 31
31 17
21 31
11 27
24 8
19 31
18 4
1 3
28 21
7 27
31 14
14 21
4 2
3 27
5 5
13 25
26 7
34 16
3 24
2 15
30 25
24 17
2 21
16 9
14 30
5 15
14 4
31 23
26 1
2 0
30 7
4 1
31 15
28 18
13 0
16 8
15 8
27 23
24 18
9 33
3 4
5 20
23 11
27 8
34 6
8 30
20 9
26 2
21 16
18 8
28 3
16 7
29 29
8 29
27 17
27 16
31 11
9 27
26 3
8 6
8 30
21 4
8 29
7 17
21 24
24 3
21 13
11 23
10 30
34 0
6 9
11 7
8 4
1 19
29 18
16 1
0 1
2 8
31 26
34 4
1 6
9 5
12 15
6 12
23 1
9 5
11 6
28 17
17 12
8 2
8 16
28 6
17 7
8 19
32 1
13 7
30 2
22 32
29 16
5 4
11 14
26 0
34 32
2 25
18 13
24 8
27 5
9 6
18 31
26 33
12 33
29 16
31 17
19 7
27 32
1 12
20 12
0 10
9 32
12 0
17 11
15 7
7 3
16 18
9 18
17 11
31 16
0 2
0 22
29 32
8 8
23 26
4 10
19 31
18 3
26 8
9 19
31 23
21 17
26 32
3 12
15 33
18 9
5 7
11 15
28 28
34 2
5 0
19 9
30 22
6 15
28 24
7 24
22 6
24 1
29 27
18 10
6 2
17 4
4 18
30 17
4 19
2 7
28 22
22 25
20 34
32 10
14 2
18 12
2 31
17 21
6 31
5 3
18 15
25 1
21 8
27 14
9 13
4 1
24 25
34 24
0 29
11 2
18 3
14 28
3 10
2 19
6 13
30 9
8 15
24 7
24 18
23 5
10 4
25 21
26 12
17 30
0 15
28 29
33 32
12 13
24 4
19 10
25 16
3 10
24 29
5 0
13 12
16 11
17 8
17 30
22 30
24 8
18 23
4 5
3 1
11 16
3 27
14 31
27 20
3 7
4 28
13 13
21 2
27 11
17 9
14 25
29 33
24 18
20 0
10 22
1 27
22 8
15 21
9 13
18 7
4 24
1 4
30 4
6 7
7 3
5 34
4 24
15 32
29 22
31 11
17 4
4 3
34 26
18 32
0 30
16 9
3 9
18 31
24 28
22 22
19 32
26 5
2 3
9 18
13 20
11 1
18 18
0 7
32 9
28 33
2 15
10 16
24 11
19 18
22 5
17 11
34 23
17 23
7 1
20 33
3 22
20 0
2 15
0 25
27 24
29 27
29 24
25 19
28 13
1 17
11 32
28 9
15 0
5 7
9 31
15 9
27 8
16 16
9 0
18 7
4 19
3 21
13 17
15 15
2 6
30 28
5 8
30 11
34 33
26 12
26 14
15 22
31 34
11 14
23 0
19 20
17 17
0 4
23 30
10 20
10 28
2 2
6 16
19 23
19 15
16 30
16 26
9 11
0 12
27 29
29 26
23 15
27 0
2 10
3 19
24 10
3 9
5 11
6 1
4 3
31 4
28 27
1 12
2 7
11 2
13 9
8 8
16 1
12 24
20 3
6 4
4 1
2 6
12 8
10 30
2 25
34 0
32 26
21 30
30 0
2 14
23 19
5 5
20 13
13 3
19 20
13 14
22 10
20 4
28 32
8 29
12 33
28 18
3 25
17 3
4 9
1 19
29 8
29 11
28 10
15 25
29 10
14 1
15 1
17 7
1 10
25 15
34 13
6 30
20 24
19 16
12 15
28 1
33 21
15 15
17 33
14 0
34 0
6 7
0 18
17 27
0 3
26 22
0 24
13 4
5 1
33 17
6 7
15 33
24 33
34 13
27 16
11 4
2 27
11 15
12 19
9 20
5 0
17 13
25 19
33 23
1 2
12 29
2 9
20 3
34 34
20 7
25 21
13 14
13 32
29 26
14 25
34 16
4 5
17 1
24 30
7 29
18 16
20 21
26 23
16 33
19 11
0 30
22 1
34 9
12 18
27 29
32 7
5 9
29 0
8 34
26 27
21 9
31 24
18 4
30 20
12 27
32 23
5 12
11 24
33 31
16 6
2 20
28 4
14 21
10 12
0 9
19 11
33 11
21 0
2 25
28 2
7 17
12 6
23 22
12 19
5 33
21 0
34 27
15 14
5 17
15 34
23 9
27 34
28 29
3 27
14 16
14 32
24 2
14 9
15 23
11 24
4 23
31 7
24 20
26 30
27 33
11 28
21 13
15 10
6 12
10 1
10 33
34 0
34 26
29 23
31 7
34 3
14 20
16 18
26 27
12 3
18 17
10 27
13 20
13 32
23 3
9 31
32 1
12 34
26 21
25 16
28 20
16 8
1 6
26 18
34 2
30 8
34 8
9 28
28 19
25 11
33 21
13 26
7 12
22 33
14 24
7 13
6 27
5 5
29 5
24 32
21 3
17 27
5 32
10 30
6 24
1 21
6 12
4 0
21 33
15 23
1 17
8 18
25 26
25 32
3 9
16 13
25 0
5 11
7 15
1 8
31 13
11 33
19 10
13 9
10 1
16 18
16 7
5 17
8 4
7 9
18 11
16 15
28 6
2 24
32 4
10 25
9 8
32 20
10 4
15 4
19 22
21 8
23 27
2 29
32 26
30 30
23 27
24 21
34 25
32 16
18 30
4 15
4 0
34 22
20 21
4 34
28 30
0 2
11 2
34 31
24 12
24 4
5 25
32 7
24 17
4 22
22 29
6 19
5 10
5 6
6 11
25 2
28 30
3 31
4 2
9 7
7 23
34 33
19 33
26 8
34 28
19 9
22 8
8 27
28 33
33 16
10 21
3 17
34 29
32 27
26 11
2 13
16 11
30 8
30 24
21 12
2 32
28 20
28 23
19 4
22 2
7 2
20 28
34 32
0 9
27 17
6 20
5 21
34 2
15 5
24 15
3 24
0 21
23 0
17 29
17 28
10 7
33 29
17 25
24 14
30 17
33 27
0 28
5 2
16 5
10 3
32 5
20 29
24 14
31 1
16 29
25 24
27 33
25 34
9 5
32 17
30 17
3 8
28 18
31 27
23 34
20 2
31 10
3 30
23 8
7 26
23 28
13 31
8 19
25 17
15 11
28 28
