11 17
12 19
21 16
25 3
28 14
11 3
17 18
30 28
9 18
34 3
2 20
23 12
18 3
8 28
10 10
32 20
26 19
5 4
8 6
3 25
30 31
27 3
13 7
6 22
30 26
21 32
12 21
25 15
25 10
8 15
2 23
13 8
22 25
20 20
10 19
23 30
26 19
3 27
17 28
0 2
18 6
10 22
28 10
1 29
15 15
10 19
7 26
21 18
0 20
0 24
17 1
22 23
10 29
4 3
2 3
33 9
5 13
14 19
24 26
8 32
11 26
7 15
18 11
21 23
34 17
29 3
33 9
1 15
31 17
23 3
9 9
34 12
13 13
2 28
28 5
15 8
3 29
10 22
27 7
9 16
5 23
0 19
13 25
30 34
0 25
15 21
33 24
24 7
28 9
28 13
0 20
11 13
24 30
6 14
33 24
4 26
8 5
0 10
9 7
6 24
27 25
1 30
0 17
11 14
4 15
33 0
14 16
10 12
2 5
17 13
27 26
13 13
11 24
17 12
11 13
0 4
14 19
7 16
4 19
28 15
23 34
12 9
29 15
0 16
28 31
20 26
20 22
26 34
2 6
16 29
33 27
31 9
20 4
23 6
34 11
27 14
9 21
22 31
22 28
12 27
7 32
34 18
0 5
30 17
4 19
7 2
3 21
1 17
25 1
22 20
15 22
22 11
26 16
33 14
8 3
12 34
13 22
1 23
6 16
20 16
4 31
1 13
28 4
19 8
28 18
10 26
22 6
14 24
28 6
3 21
23 23
17 23
32 34
22 0
9 30
11 4
30 29
4 16
0 19
25 30
6 20
10 1
29 22
29 17
6 27
24 22
28 5
14 4
20 32
8 30
32 28
34 4
13 18
10 7
12 4
13 21
25 24
15 31
12 33
33 34
18 28
22 9
6 14
1 28
19 19
21 16
3 13
2 1
14 23
11 19
9 25
7 20
31 22
17 5
13 4
0 11
10 30
10 15
25 3
20 20
9 3
11 1
8 27
22 15
5 2
32 22
29 4
4 14
8 5
16 28
19 2
34 9
17 22
6 20
17 27
20 27
17 24
26 6
3 14
25 25
8 17
28 34
3 10
31 33
20 25
25 12
26 0
30 20
32 12
5 9
14 6
28 30
30 9
13 5
23 4
27 11
26 4
32 10
4 33
18 12
20 3
26 22
16 19
7 30
28 1
29 21
29 14
15 15
30 29
8 18
32 10
15 8
18 31
8 13
3 26
17 16
31 0
24 4
20 19
21 24
18 8
34 33
28 29
11 17
17 21
11 3
22 14
14 21
4 26
29 0
10 31
5 14
25 30
13 24
16 17
23 24
33 27
23 33
6 11
24 15
18 31
20 15
32 7
31 31
12 22
7 5
22 10
13 2
33 23
32 6
29 5
21 29
14 32
28 27
19 18
6 1
28 18
16 16
28 0
28 7
32 20
27 20
34 16
9 25
8 1
9 13
25 0
15 16
11 26
16 9
12 9
32 27
15 3
33 10
13 18
8 11
21 26
4 2
0 29
24 22
7 20
34 6
12 20
22 22
13 18
33 31
2 20
25 28
11 12
31 10
9 14
15 4
29 22
20 28
24 5
28 20
12 7
28 8
19 8
26 8
24 10
21 1
4 30
21 34
24 5
19 20
7 19
27 30
5 30
2 27
34 28
5 13
13 10
1 14
29 20
11 14
33 12
15 26
3 4
0 10
16 0
12 34
25 4
16 31
16 31
1 27
14 26
6 13
21 14
1 8
13 8
29 20
15 20
1 14
7 13
24 16
26 24
14 32
17 29
6 2
7 15
27 2
18 21
14 11
17 24
24 14
28 19
19 26
1 19
4 13
19 20
1 14
17 15
11 7
5 10
32 31
22 9
27 15
18 23
3 19
11 29
23 0
21 20
27 22
1 32
30 10
3 22
11 16
29 10
5 18
25 1
32 12
17 8
32 1
17 28
19 12
26 21
6 26
26 21
3 23
11 9
30 33
6 19
2 25
4 26
13 15
26 18
0 13
18 10
5 0
1 6
0 24
29 15
6 34
22 30
24 3
32 27
21 0
14 13
11 33
18 7
14 16
0 3
22 17
13 17
7 27
7 5
15 30
9 10
13 27
8 24
34 34
24 3
27 4
16 21
15 11
12 5
12 19
20 29
18 3
7 0
13 18
7 21
10 21
3 11
2 1
19 20
2 6
6 28
4 14
23 28
31 31
4 23
30 11
26 2
2 12
1 23
24 1
27 2
23 28
22 20
33 28
30 29
13 32
13 3
28 15
26 23
22 7
1 17
21 31
33 27
3 14
18 15
14 18
17 29
32 14
1 22
19 25
26 25
18 24
31 9
33 29
0 11
26 8
20 33
14 30
1 4
32 13
30 10
15 14
11 27
0 10
19 16
17 22
34 34
20 14
14 32
0 0
34 20
27 28
0 30
28 3
3 31
19 4
11 3
30 4
1 17
25 25
7 1
3 9
13 23
13 3
23 15
1 15
15 29
9 14
27 6
3 9
17 26
22 11
26 14
17 5
14 2
25 4
0 29
9 30
10 28
30 10
23 29
13 21
0 13
26 7
4 25
17 20
11 30
26 14
4 21
12 7
1 9
0 8
1 32
28 23
34 3
13 34
29 7
34 31
33 15
34 16
24 12
11 32
30 1
29 32
21 30
8 23
20 10
12 32
24 22
18 7
28 23
3 27
3 28
13 27
1 12
1 14
30 5
4 20
27 2
20 20
22 7
22 27
31 24
32 16
8 18
31 5
32 20
10 4
17 13
5 12
11 34
17 12
11 1
29 19
22 3
1 11
9 12
27 3
27 6
32 24
19 17
28 18
5 9
32 14
17 24
34 28
19 23
0 30
4 3
32 28
8 29
10 34
30 9
2 5
4 22
9 6
19 25
3 18
16 26
15 6
10 8
33 32
19 8
32 33
17 34
27 1
11 5
0 23
33 28
2 20
12 27
33 20
32 12
27 28
21 17
31 33
3 2
26 0
30 4
22 9
19 29
9 13
19 33
10 4
15 33
10 8
5 34
12 26
21 20
2 9
17 29
9 14
29 2
7 33
18 14
25 28
15 18
12 2
12 26
23 15
20 26
26 17
0 30
23 0
14 24
26 5
7 12
29 18
27 4
30 26
7 33
14 17
4 0
18 23
12 4
18 7
22 5
17 13
14 32
19 14
6 18
21 5
7 29
29 6
32 16
31 13
19 18
28 34
22 18
0 29
30 17
0 21
28 34
28 7
1 11
4 21
0 33
7 33
20 25
24 31
5 4
26 22
25 4
25 32
1 29
9 22
17 22
10 6
11 23
33 27
6 14
8 5
29 3
34 12
14 32
27 29
28 18
28 27
25 10
24 14
25 13
8 4
9 0
26 21
15 29
31 0
20 33
21 27
5 11
29 29
21 23
23 31
34 32
7 4
13 9
31 28
20 4
31 13
0 18
6 4
16 4
9 33
0 30
32 24
6 23
5 5
23 14
28 27
10 19
25 14
9 26
6 3
11 30
0 30
8 18
26 28
3 8
20 13
26 17
29 10
4 16
0 13
20 15
28 8
16 23
29 31
0 28
34 16
9 27
12 11
0 1
21 10
10 21
7 7
13 32
20 30
20 33
23 0
3 13
4 34
19 26
2 24
14 8
27 0
25 12
8 21
18 20
20 27
23 7
7 30
30 24
34 32
1 29
13 11
28 16
1 18
8 11
3 4
14 10
3 16
34 13
4 0
21 29
7 15
15 18
31 4
5 30
24 26
3 0
24 30
24 33
7 8
0 9
22 31
7 22
4 22
12 12
5 14
14 17
3 16
19 16
16 11
2 34
8 24
10 6
27 33
10 15
11 25
29 4
2 15
29 15
32 33
27 25
34 11
21 30
2 26
8 28
32 21
31 23
17 5
13 18
27 19
28 12
16 7
28 4
0 4
7 22
21 24
10 5
1 24
20 8
30 12
21 10
24 32
21 14
28 4
32 34
30 20
2 27
27 22
12 1
6 20
26 34
2 10
2 11
30 30
6 15
31 33
15 25
24 19
24 20
25 15
32 32
3 11
25 29
11 3
30 0
23 20
22 5
18 0
17 25
6 8
23 21
3 5
28 2
24 17
23 13
25 1
15 9
24 5
10 20
19 14
8 21
30 6
18 6
16 20
2 29
18 24
26 23
34 10
9 32
1 26
30 31
31 33
20 12
27 21
13 8
10 22
15 32
9 4
15 24
3 29
34 28
25 20
17 8
16 23
16 12
0 9
4 11
27 22
20 19
1 13
34 26
15 5
14 17
8 34
11 15
17 12
10 19
23 23
7 3
20 31
21 22
34 21
14 31
2 29
16 13
27 7
8 32
24 0
26 0
10 20
8 20
32 11
28 12
29 12
4 14
13 20
12 8
6 10
30 26
16 28
9 17
27 32
1 10
0 19
18 10
0 20
17 4
7 19
15 11
0 29
14 27
3 9
12 18
7 7
16 13
26 9
19 18
10 21
25 33
17 19
