28 18
24 25
2 6
23 33
14 25
23 25
31 17
9 8
33 28
12 9
25 34
7 6
13 0
21 20
26 0
2 0
7 23
2 34
2 33
15 29
18 24
26 0
19 12
8 14
7 2
2 20
2 32
2 13
16 1
16 17
23 17
20 20
19 31
10 27
24 12
23 34
12 23
30 15
33 23
7 12
0 24
12 2
30 14
16 25
31 12
8 1
10 24
23 28
33 14
29 29
20 27
30 22
18 29
23 22
1 12
12 26
13 12
26 31
10 11
10 7
4 34
14 25
0 20
7 27
14 20
15 9
17 23
13 28
24 9
28 20
8 17
18 20
26 3
4 5
2 16
15 20
22 17
10 33
6 2
16 27
32 34
33 19
15 34
16 0
25 33
29 33
3 31
12 20
23 22
11 27
9 30
29 21
1 19
12 12
0 9
33 26
24 8
34 26
12 14
4 30
