 0.00  1.33  3.24  3.20  2.98  5.24  6.94  6.85  8.99 10.90 12.32 12.93 14.90 15.66 18.11 19.07 21.24 21.99 24.69 24.95 25.22 28.58 30.20 30.07 32.06 34.30 34.97 38.28 40.23 43.08 41.91 40.23 37.08 36.84 36.09 33.44 32.05 32.22 30.53 27.84 27.44 27.29 24.71 22.64 23.45 22.37 17.85 18.77 19.69 17.31 14.67 16.09 16.47 13.16 10.41 14.43 14.19  8.12 12.13 14.37 12.82  6.80 13.23 14.12 31.67 29.29 25.50 21.91 19.90 19.07 25.03 25.01 21.84 26.76 29.40 27.58 28.21 32.11 34.16 32.95 33.72 37.70 39.14 37.66 41.57 38.40 38.92 35.63 33.56 31.91 28.14 25.28 26.20 26.51 28.90 29.95 29.86 31.50 34.39 35.02 33.90 39.19 42.78 41.53 39.28 36.74 37.86 33.37 30.56 28.15 24.32 20.22 16.93 14.12 18.73 19.00 18.54 18.63 20.98 22.24 20.34 23.81 26.44 25.97 25.28 30.39 32.23 30.37 31.25 36.70 38.39 36.96 37.91 34.53 33.43 28.89 27.54 22.94 21.12 19.10 15.75 10.69 17.56 12.09 13.68 18.42 19.11 11.47 19.74 22.37 22.45 19.94 25.10 23.54 28.06 27.26 30.28 27.53 24.21 23.24 21.68 19.67 20.66 24.56 28.13 31.07 33.28 27.71 29.83 33.63 35.20 29.34 33.51 37.17
 1.33  0.00  1.31  3.26  3.05  2.91  4.95  6.75  7.48  8.87 10.74 12.27 12.59 13.50 17.00 17.65 18.80 20.31 23.09 22.97 22.95 26.69 28.77 27.80 29.89 32.75 33.04 36.21 38.26 41.22 40.38 38.97 35.71 35.34 34.85 32.29 30.61 30.79 29.40 26.62 25.90 25.98 23.67 21.29 21.89 21.26 17.45 17.17 18.33 16.46 13.42 14.52 15.00 12.53  8.87 11.18 11.32  7.90  7.19  9.16  8.80  4.22  6.84  9.01 31.39 28.82 25.41 21.61 20.32 18.55 24.85 24.47 20.92 26.15 28.78 26.23 27.18 31.25 33.21 31.50 32.86 36.66 37.77 36.13 40.35 37.23 38.37 35.04 33.41 31.68 28.34 25.87 27.08 27.47 30.01 30.63 30.44 32.52 35.25 35.43 34.53 39.71 43.23 41.66 39.78 36.79 37.43 32.65 30.16 27.76 23.93 19.86 17.02 13.95 19.68 20.16 20.02 19.99 22.14 23.02 21.11 25.43 27.34 26.13 26.66 31.32 32.94 30.64 32.78 37.51 39.02 37.17 37.78 34.38 33.04 28.69 26.94 22.84 20.43 17.89 14.46  8.34 15.74 10.64 13.10 17.42 17.85 12.25 19.47 21.94 22.36 20.44 25.42 23.76 28.07 26.85 29.74 26.67 23.39 21.90 19.93 17.70 18.44 22.64 26.12 29.17 31.34 25.75 28.56 32.05 33.52 27.55 32.40 35.84
 3.24  1.31  0.00  1.34  3.12  3.35  3.00  4.97  6.88  7.50  8.89 10.82 12.33 11.03 15.29 16.43 17.41 18.20 21.38 22.11 21.10 24.90 27.14 26.67 27.86 30.76 31.88 34.66 36.60 39.62 38.99 37.59 34.27 34.19 33.84 31.10 29.49 30.03 28.66 25.69 25.24 25.67 23.26 20.51 21.93 21.52 16.42 17.54 19.23 17.43 14.22 15.94 17.28 14.55 10.23 15.11 15.66  9.93 13.04 15.26 14.83  8.34 14.43 16.49 28.54 26.25 22.72 19.30 18.37 16.61 23.13 23.07 18.84 24.04 26.77 24.10 24.76 28.93 31.02 29.30 30.21 34.26 35.66 33.73 37.83 34.49 35.75 32.50 30.83 29.58 25.95 23.71 24.80 25.07 27.66 28.33 27.79 29.86 32.70 32.89 31.64 36.91 40.40 38.82 36.81 33.84 34.35 29.64 27.08 24.83 20.91 17.10 13.82 11.29 17.20 18.04 17.89 17.55 19.52 20.20 18.04 22.53 24.44 22.91 23.83 28.33 29.84 27.36 30.00 34.45 35.89 33.96 34.46 31.15 29.82 25.49 23.81 19.63 17.43 14.91 11.68  5.72 12.71  7.53 10.00 14.10 13.13  9.18 16.13 18.59 17.89 17.27 21.42 20.49 24.75 23.52 26.41 23.41 20.08 18.92 16.96 15.22 16.35 20.31 23.81 26.93 28.99 23.02 25.81 29.37 30.75 24.58 29.56 32.89
 3.20  3.26  1.34  0.00  1.38  3.45  3.42  2.87  4.95  6.84  7.56  8.67 10.73 11.34 13.22 14.58 16.94 17.12 19.92 20.84 20.70 23.85 25.51 25.86 27.41 29.38 30.58 33.71 35.55 38.40 37.29 35.61 32.42 32.39 31.75 28.97 27.62 28.10 26.43 23.56 23.41 23.61 20.94 18.25 20.15 19.35 13.58 15.88 17.50 15.30 11.69 14.34 15.63 12.34  9.00 14.13 15.00  8.92 13.14 15.72 15.64  9.51 16.13 18.37 26.84 24.32 20.69 17.00 15.44 14.19 20.39 20.42 16.86 21.83 24.50 22.60 23.16 27.09 29.16 27.97 28.69 32.66 34.16 32.66 36.52 33.38 33.94 30.64 28.72 27.10 23.48 20.91 22.08 22.46 25.02 25.64 25.52 27.19 30.28 30.51 29.32 34.85 38.40 36.91 34.61 32.13 33.13 28.53 25.89 23.32 19.56 15.32 11.95  9.26 14.72 15.17 14.88 14.46 16.62 17.67 15.05 19.18 21.63 20.86 20.23 25.36 27.23 24.93 26.33 31.60 33.22 31.83 32.70 29.56 28.62 24.05 22.81 18.06 16.29 14.32 10.86  7.61 13.70  8.38  9.06 13.76 14.35  6.42 14.45 17.12 17.29 14.45 19.77 18.16 22.68 22.20 25.27 22.85 19.39 18.49 17.33 15.02 16.15 19.78 23.39 26.23 28.47 23.18 24.85 28.72 30.38 25.05 28.54 32.35
 2.98  3.05  3.12  1.38  0.00  1.40  3.20  3.15  2.90  4.96  6.75  7.49  8.86 10.80 12.61 13.00 15.27 16.38 18.76 18.72 19.50 22.66 24.21 23.92 26.42 28.53 28.77 32.21 34.19 37.01 35.83 34.27 31.09 30.73 30.09 27.50 25.96 26.13 24.60 21.84 21.31 20.89 18.67 16.64 16.64 15.47 12.55 11.74 12.15 10.00  7.20  8.33  8.86  5.81  3.05  6.82  7.79  2.77  6.13  8.87  9.76  5.70 10.70 13.18 27.82 24.80 21.69 17.41 16.12 14.02 20.16 19.60 16.51 21.66 24.21 22.02 23.10 26.97 28.82 27.39 28.98 32.52 33.50 32.30 36.43 33.58 34.37 30.94 29.41 27.19 24.30 21.84 23.35 24.04 26.66 26.75 27.01 29.51 31.84 31.62 31.59 36.38 39.88 38.14 36.83 33.47 34.32 29.45 27.13 24.40 20.84 16.32 14.99 10.59 16.55 16.85 17.11 17.24 19.45 20.40 19.02 22.88 24.87 24.05 24.64 28.97 30.48 28.93 30.54 35.22 36.84 34.91 35.63 31.92 30.42 26.14 24.03 20.51 17.39 15.10 11.37  7.83 14.55 10.67 10.74 16.31 17.74 10.82 18.05 20.81 21.38 18.77 24.09 22.02 26.49 24.95 27.81 24.47 21.60 19.14 17.62 14.73 15.27 19.25 22.79 25.43 27.93 22.98 25.09 28.73 30.47 25.63 28.97 32.86
 5.24  2.91  3.35  3.45  1.40  0.00  1.30  3.29  3.37  2.93  4.94  6.91  7.36  7.98 11.08 11.95 12.74 14.24 17.04 17.19 16.81 20.52 22.69 21.82 23.77 26.66 27.07 30.07 32.10 35.09 34.43 33.18 29.83 29.54 29.29 26.68 24.86 25.30 24.14 21.18 20.46 21.01 18.83 16.14 17.20 17.17 12.96 12.99 15.07 13.80 10.20 10.98 12.76 10.65  6.46  9.73 11.64  7.69  7.91 10.78 12.17  6.31 11.03 13.63 26.63 23.68 20.89 16.78 16.53 13.52 20.07 19.31 15.35 20.79 23.37 20.27 21.50 25.62 27.47 25.47 27.36 30.89 31.76 30.14 34.52 31.58 33.07 29.69 28.56 26.67 24.00 22.11 23.66 24.37 27.10 26.90 26.78 29.46 31.87 31.30 31.14 35.90 39.30 37.29 35.88 32.36 32.76 27.67 25.59 23.07 19.48 15.27 13.97  9.89 16.44 17.59 18.16 18.13 19.93 20.27 19.19 23.27 24.77 22.97 25.44 28.95 29.44 28.20 31.40 34.89 36.20 33.77 34.21 30.48 28.81 24.73 22.34 19.08 15.76 12.90  9.28  4.40 11.63  9.01  9.42 14.12 15.84 11.30 16.64 19.47 20.45 18.76 23.56 21.36 25.38 23.22 25.91 22.35 19.51 16.75 14.83 11.91 12.40 16.64 20.10 23.02 25.32 20.04 22.95 26.29 27.86 22.68 26.92 30.47
 6.94  4.95  3.00  3.42  3.20  1.30  0.00  1.33  3.31  3.38  2.96  5.06  6.89  6.72  9.26 10.64 12.35 12.34 15.40 16.75 15.82 19.11 21.24 21.36 22.50 24.78 26.21 29.01 30.85 33.79 33.02 31.57 28.25 28.32 28.01 25.18 23.63 24.42 23.06 19.97 19.78 20.53 18.07 14.75 17.34 17.22 11.10 13.25 15.59 14.46  9.86 12.93 15.18 12.33  8.43 13.63 15.53 10.14 13.46 16.07 17.10 11.22 17.04 19.53 23.43 20.65 17.59 13.68 13.45 10.76 17.43 17.24 12.79 18.09 20.78 18.09 18.88 22.99 25.00 23.37 24.57 28.37 29.66 28.00 32.08 29.03 30.14 26.79 25.41 23.81 20.76 18.89 20.35 21.00 23.74 23.61 23.36 26.03 28.46 27.98 27.70 32.49 35.91 33.98 32.59 29.09 29.65 24.70 22.45 19.87 16.24 11.96 10.73  6.52 13.01 14.31 15.14 15.07 16.64 16.87 15.66 19.97 21.34 19.74 21.84 25.62 26.12 24.82 27.90 31.55 32.89 30.51 31.03 27.30 25.71 21.53 19.26 16.03 12.63 10.16  6.46  4.21 10.13  6.47  6.26 11.42 12.92  7.64 13.49 16.21 17.06 15.12 20.03 17.91 22.13 20.27 23.04 19.58 16.81 14.21 12.84 10.18 11.25 14.90 18.50 21.37 23.61 18.43 20.40 24.07 25.74 20.83 24.25 28.01
 6.85  6.75  4.97  2.87  3.15  3.29  1.33  0.00  1.40  3.27  3.13  2.85  4.94  6.76  7.67  8.57 11.22 11.99 14.16 15.06 15.83 18.35 19.59 20.30 22.47 23.86 24.70 28.07 29.90 32.64 31.33 29.65 26.48 26.37 25.74 22.98 21.60 22.10 20.48 17.55 17.46 17.82 15.17 12.26 14.71 14.19  8.12 11.00 12.90 11.43  6.81 10.38 12.66  9.26  7.07 12.36 14.21  9.13 13.37 16.11 15.84 11.36 17.74 19.99 23.31 20.01 17.21 12.62 11.81  9.08 15.34 14.85 11.57 16.69 19.23 17.25 18.28 22.04 23.89 22.68 24.22 27.65 28.71 27.70 31.68 28.94 29.53 26.07 24.66 22.28 19.71 17.51 18.68 19.13 21.69 22.25 22.24 24.44 26.96 27.16 26.65 31.64 35.20 33.69 32.00 29.08 30.06 25.15 23.00 20.05 16.81 11.94 10.61  6.35 11.48 11.86 12.04 12.28 14.34 15.27 14.87 18.24 19.82 19.45 20.80 24.14 25.63 24.87 26.36 30.24 32.00 30.26 31.25 27.60 26.34 21.87 20.04 16.14 13.48 11.57  7.85  6.56 12.08  9.51  7.15 13.43 15.29  8.78 14.17 17.72 18.76 15.35 20.92 18.03 22.54 21.00 24.01 21.08 18.24 15.46 14.04 11.08 11.87 15.26 18.83 21.16 23.79 19.44 20.69 24.47 26.41 22.63 24.52 28.74
 8.99  7.48  6.88  4.95  2.90  3.37  3.31  1.40  0.00  1.33  3.21  3.28  2.98  5.00  7.09  7.20  9.26 10.92 12.91 12.63 13.91 16.75 18.33 17.83 20.81 22.79 22.63 26.12 28.13 30.93 29.86 28.48 25.22 24.79 24.37 21.84 20.06 20.36 19.13 16.21 15.52 16.01 13.82 11.13 12.43 12.49  8.71  8.41 10.30  9.25  5.44  6.99  9.00  7.36  2.87  8.25 10.19  6.45  9.24 11.95 13.21  9.58 14.34 16.81 24.46 20.83 18.74 13.92 13.95 10.04 16.16 14.76 11.76 17.08 19.44 16.63 18.31 22.09 23.68 21.90 24.49 27.46 27.91 26.97 31.34 28.87 30.05 26.54 25.73 23.00 21.29 19.56 21.51 22.39 25.08 24.44 24.98 27.75 30.00 28.82 29.89 34.05 37.36 35.09 33.95 30.41 31.09 25.89 24.20 21.29 18.26 13.50 13.73  8.88 14.90 15.54 16.32 16.77 18.56 19.10 19.10 22.44 23.63 22.68 25.39 28.14 28.75 28.38 30.95 33.98 35.60 33.29 33.54 29.78 27.75 24.06 21.16 18.27 14.75 12.30  8.67  6.90 12.82 11.69  9.47 15.29 17.35 12.60 17.05 20.46 21.73 19.33 24.42 21.56 25.74 23.31 25.88 22.07 19.60 15.79 13.72 10.56 10.33 14.21 17.60 19.80 22.63 18.47 20.65 23.97 25.87 22.37 24.67 28.71
10.90  8.87  7.50  6.84  4.96  2.93  3.38  3.27  1.33  0.00  1.33  3.32  3.29  2.99  5.24  6.62  7.38  8.28 11.01 11.95 11.24 14.52 16.67 16.37 18.10 20.61 21.38 24.22 26.17 29.13 28.54 27.36 23.95 23.85 23.81 21.11 19.24 20.08 19.11 15.93 15.43 16.61 14.59 11.13 13.60 14.23  9.42  8.75 12.38 11.96  7.55 10.01 12.33 10.78  6.64 11.99 14.28 10.87 13.45 16.09 17.56 13.28 18.29 20.86 22.07 18.64 16.72 12.31 13.03  8.98 15.41 14.08  9.89 15.43 17.90 14.31 15.87 19.95 21.64 19.48 21.93 25.09 25.73 24.28 28.74 26.08 27.74 24.30 23.73 21.57 19.80 18.65 20.55 21.63 24.44 23.30 23.36 26.27 28.57 27.18 27.83 32.12 35.34 32.91 31.57 28.01 28.33 23.01 21.45 18.75 15.69 11.48 12.21  7.00 13.92 15.40 17.01 17.13 18.35 18.20 18.43 21.70 22.26 20.68 24.94 26.98 26.33 26.52 30.54 32.48 33.71 30.77 30.81 27.06 24.95 21.41 18.32 15.22 12.04  9.12  5.88  3.00  9.48  9.38  8.02 12.53 14.52 12.41 15.10 18.20 19.62 18.53 22.79 19.97 23.65 20.56 22.76 18.97 16.30 12.54 10.33  7.14  7.16 11.08 14.56 17.14 19.69 15.16 17.65 20.88 22.66 18.96 21.71 25.52
12.32 10.74  8.89  7.56  6.75  4.94  2.96  3.13  3.21  1.33  0.00  1.28  3.14  3.17  3.34  4.98  7.19  7.25  9.57 11.40 11.59 13.71 15.20 16.40 17.90 19.08 20.58 23.59 25.32 28.09 27.01 25.47 22.18 22.34 22.02 19.11 17.67 18.68 17.31 14.12 14.31 15.42 12.97  8.95 12.65 13.26  6.59  8.91 12.29 12.19  6.63 11.18 13.84 11.13  8.94 14.32 16.53 13.01 15.96 18.63 19.82 15.67 20.87 23.40 16.80 14.05 10.85  6.80  6.66  4.57 11.09 11.34  7.01 11.67 14.45 12.45 13.05 16.83 19.01 17.87 18.39 22.47 23.96 22.89 26.39 23.22 23.66 20.32 18.63 17.06 13.84 12.23 13.87 14.79 17.60 16.89 16.87 19.67 22.00 21.16 21.41 25.90 29.28 27.28 26.00 22.49 23.37 18.61 16.28 13.39 10.03  5.33  6.61  0.95  7.13  8.78 10.97 11.08 11.84 11.47 12.77 15.19 15.45 14.56 18.57 20.35 20.18 20.87 24.24 25.77 27.29 24.76 25.23 21.49 19.72 15.73 13.34 10.75  6.85  6.10  3.09  6.01  9.41 10.02  3.87  9.83 12.40 10.17 10.33 14.51 16.35 13.75 18.32 14.55 18.33 15.52 18.22 14.83 12.84  9.82  9.54  5.50  8.04 10.26 14.29 16.42 19.11 15.30 14.98 19.22 21.17 17.76 18.52 22.82
12.93 12.27 10.82  8.67  7.49  6.91  5.06  2.85  3.28  3.32  1.28  0.00  1.35  3.38  3.91  2.75  5.96  7.89  8.87  9.42 11.89 13.44 13.93 15.02 17.84 18.87 18.89 22.68 24.52 27.08 25.51 23.87 20.71 20.41 19.79 17.13 15.63 16.08 14.59 11.60 11.47 12.12  9.63  6.47  9.43  9.59  2.93  5.68  8.73  8.89  3.53  8.40 10.88  7.08  7.67 12.23 14.08 11.42 14.60 17.20 17.11 15.16 20.20 22.47 20.90 17.27 14.58  9.63  7.73  5.70 11.15  9.89  7.96 12.83 14.96 12.85 14.70 18.01 19.30 18.15 20.99 23.50 23.82 23.54 27.66 25.54 26.23 22.64 21.48 18.48 16.09 13.52 15.50 16.78 19.36 18.54 19.75 22.30 24.33 23.57 25.13 29.10 32.53 30.71 29.99 26.58 28.22 23.21 21.17 17.88 15.40  9.62 11.85  6.30 10.64  9.99 12.05 13.29 14.55 15.35 17.35 19.28 19.47 20.18 23.31 24.54 25.22 26.57 28.08 29.72 32.03 29.94 30.64 26.96 24.98 21.29 18.47 15.79 12.10 10.26  6.80  8.80 12.56 13.29  8.47 14.32 16.79 13.77 15.60 19.44 21.20 18.80 23.55 20.10 23.93 21.01 23.57 19.84 17.72 13.79 12.20  8.87  9.52 12.35 15.51 16.85 20.07 17.18 17.81 21.41 23.63 21.07 21.86 26.40
14.90 12.59 12.33 10.73  8.86  7.36  6.89  4.94  2.98  3.29  3.14  1.35  0.00  1.31  3.24  3.10  3.24  5.18  7.22  7.06  8.60 10.80 12.60 11.94 14.94 16.81 16.68 20.03 22.04 24.86 24.03 22.95 19.55 19.16 19.17 16.68 14.56 15.28 14.58 11.44 10.63 12.06 10.52  7.34  8.05  8.90  6.35  4.20  6.43  7.67  4.25  4.95  8.35  9.37  4.84 10.06 12.66 12.17 12.62 15.31 17.30 14.64 18.52 21.07 21.62 17.48 16.60 11.77 12.40  7.69 13.54 10.80  8.31 13.32 15.31 11.49 13.96 17.52 18.41 16.43 20.01 22.47 22.31 21.59 26.21 24.19 25.92 22.40 22.55 19.47 19.11 17.83 19.89 21.35 24.09 22.61 23.34 26.21 28.34 26.53 28.02 31.94 35.02 32.28 31.18 27.67 28.06 22.65 21.67 18.64 16.38 11.77 14.24  8.45 14.44 15.21 17.47 18.09 19.16 19.13 20.48 22.99 22.95 22.21 26.40 28.11 27.13 28.48 32.05 33.21 34.77 31.64 31.46 27.76 25.34 22.30 18.83 16.12 13.08 10.45  8.17  9.01 13.05 14.77 10.63 15.81 18.31 16.10 17.51 21.19 23.04 21.09 25.55 22.15 25.56 22.08 23.94 20.10 17.31 13.35 10.94  7.93  6.65  9.70 12.64 14.17 17.36 14.43 16.31 19.32 21.35 19.68 20.58 24.64
15.66 13.50 11.03 11.34 10.80  7.98  6.72  6.76  5.00  2.99  3.17  3.38  1.31  0.00  1.36  3.42  3.20  2.76  4.93  6.76  6.65  8.57 10.62 11.56 12.80 14.47 15.90 18.47 20.26 23.16 22.63 21.55 18.06 18.27 18.56 15.75 13.85 15.35 14.72 11.38 11.35 13.28 11.82  7.49 10.57 12.29  7.78  6.74 10.88 12.08  6.72 10.35 13.49 12.48  9.84 15.16 17.54 15.90 17.89 20.43 21.95 18.90 23.43 25.97 18.28 14.28 13.91  9.29 11.15  6.57 11.81  9.49  5.63 10.67 12.80  8.38 10.60 14.45 15.81 13.46 16.74 19.34 19.62 18.49 23.01 20.77 22.65 19.19 19.45 16.95 16.64 16.40 18.25 19.99 22.74 20.69 21.00 23.95 26.15 23.76 24.62 29.01 31.94 29.03 27.79 24.26 24.02 18.56 17.29 14.90 11.96  8.91  8.84  5.60 12.17 14.74 16.62 15.73 16.52 15.35 15.27 18.75 19.15 16.39 21.30 23.50 22.27 21.87 27.04 28.74 29.62 26.46 26.38 22.67 20.67 17.11 13.95 10.58  7.91  4.45  1.22  2.65  5.39  7.24  4.99  7.98 10.43 11.44 10.63 13.59 15.51 14.99 18.43 15.54 18.81 15.63 17.66 14.00 11.33  7.72  5.28  2.25  3.14  6.40  9.69 11.42 14.40 10.36 12.82 15.92 17.79 14.04 17.01 20.60
18.11 17.00 15.29 13.22 12.61 11.08  9.26  7.67  7.09  5.24  3.34  3.91  3.24  1.36  0.00  1.30  3.16  3.20  3.17  5.15  6.98  7.78  8.59 10.90 12.49 12.84 14.27 17.33 18.95 21.57 20.40 18.98 15.60 15.88 15.86 12.92 11.35 12.93 12.00  8.42  9.21 10.98  9.37  4.72  8.72 10.76  3.86  6.74 11.00 12.56  7.27 12.07 14.89 12.67 11.97 17.05 19.26 17.60 19.97 22.47 23.29 21.03 25.58 28.05 16.64 12.21 11.45  6.24  7.34  2.39  7.11  5.78  3.18  7.59  9.82  6.86  9.29 12.52 13.55 12.07 15.35 17.66 17.82 17.50 21.70 19.81 21.01 17.46 16.89 13.47 13.02 12.31 14.29 16.39 19.10 16.70 17.90 20.80 22.67 20.46 22.87 26.30 29.37 26.79 26.04 22.60 23.83 18.75 17.53 14.08 12.15  6.64 10.29  6.22 10.22 10.88 14.21 14.85 14.78 14.95 16.73 19.05 18.21 18.18 22.19 23.65 22.61 24.70 27.80 28.27 30.10 27.26 27.36 23.67 21.38 18.24 15.08 12.98  9.57  8.63  7.03  9.75 12.70 14.59  9.52 14.59 17.30 15.93 14.99 19.11 21.27 18.83 23.05 19.05 22.16 18.85 21.11 17.37 15.30 11.23  9.34  5.39  6.39  7.95 10.49 11.10 14.45 13.00 12.21 15.90 18.28 17.32 16.59 21.20
19.07 17.65 16.43 14.58 13.00 11.95 10.64  8.57  7.20  6.62  4.98  2.75  3.10  3.42  1.30  0.00  1.31  3.30  3.29  2.86  4.88  6.71  7.40  8.09 10.65 12.24 11.66 15.31 17.20 19.81 18.70 17.64 14.23 13.87 14.08 11.59  9.34 10.52 10.22  7.01  6.56  8.33  6.61  3.49  5.44  7.33  5.00  3.32  7.50  9.17  5.14  9.01 11.80 11.24 10.50 14.84 16.96 16.91 18.46 20.71 21.76 20.55 24.40 26.77 19.21 14.72 14.51  9.55 11.06  5.55  9.99  6.84  5.63 10.03 11.75  8.04 11.19 13.96 13.73 12.33 16.21 18.48 17.61 17.74 22.28 20.96 22.62 19.15 19.58 16.01 16.29 15.82 17.78 20.01 22.62 20.12 21.23 24.17 26.05 23.59 25.91 29.36 32.34 29.53 28.67 25.22 26.01 20.81 19.92 16.55 15.32 10.37 14.07  9.83 14.46 14.82 18.11 18.93 18.88 19.08 20.85 23.21 21.80 21.81 26.08 27.47 25.78 28.24 31.48 31.78 33.50 30.33 30.06 26.19 23.83 21.28 17.66 15.64 12.09 11.17  9.74 12.51 15.40 17.23 12.79 17.52 20.17 18.96 18.58 22.40 24.63 22.68 26.68 22.80 25.39 21.91 23.66 19.82 17.37 13.35 11.44  7.79  6.64  8.77 10.85 10.73 14.48 13.84 13.66 16.89 19.18 18.86 18.32 22.61
21.24 18.80 17.41 16.94 15.27 12.74 12.35 11.22  9.26  7.38  7.19  5.96  3.24  3.20  3.16  1.31  0.00  1.33  3.23  3.32  2.87  4.70  6.80  6.85  8.73 10.63 11.52 13.98 15.96 18.95 18.89 18.40 14.80 14.72 15.65 13.28 10.77 12.46 12.25  9.02  8.05 10.44  9.33  5.89  7.63  9.88  7.98  4.59  9.94 12.08  8.37 11.05 14.54 14.55 12.73 17.41 19.71 19.56 20.38 23.21 24.77 22.31 26.33 28.92 19.36 15.12 15.88 11.38 13.40  8.23 11.85  8.80  7.28 11.27 12.46  7.36 10.70 13.84 13.44 11.14 15.25 17.76 16.84 16.05 21.04 19.53 22.23 18.92 20.14 17.24 18.19 18.14 20.01 22.23 24.85 22.23 23.00 26.04 27.93 24.97 26.79 30.34 32.98 29.79 28.65 25.25 25.23 19.77 19.70 15.59 15.86 12.20 15.42 11.65 16.49 17.29 20.80 21.35 21.06 20.82 22.50 24.97 23.07 22.56 27.37 29.05 26.20 28.62 32.46 33.01 33.93 30.45 29.67 25.96 23.32 20.97 16.81 15.02 11.98 10.80  9.36 11.29 12.95 15.37 13.67 15.77 18.84 20.32 19.18 20.08 24.13 23.87 27.02 23.14 25.28 21.66 22.46 18.87 15.81 11.68  9.26  6.80  3.53  6.03  7.86  8.28 11.82 10.82 12.09 14.61 16.65 16.31 16.72 20.44
21.99 20.31 18.20 17.12 16.38 14.24 12.34 11.99 10.92  8.28  7.25  7.89  5.18  2.76  3.20  3.30  1.33  0.00  1.31  3.34  3.42  2.83  4.87  6.79  7.75  8.63 10.75 12.84 14.43 17.33 17.24 16.57 12.67 13.62 14.65 11.96  9.96 11.97 12.40  8.63  7.92 11.17 11.26  7.22  9.85 12.32  9.42  7.27 12.75 14.87 10.80 13.71 17.28 16.96 15.04 19.95 22.30 21.64 23.11 25.62 27.20 24.72 28.96 31.48 14.57 10.66 11.63  7.56 11.49  7.75 10.24  7.13  4.84  8.10  9.55  4.03  6.23 10.21 10.61  8.00 11.97 14.49 13.95 13.12 17.90 15.87 18.19 14.86 15.81 14.03 14.42 15.59 17.03 19.12 21.66 18.85 18.80 21.86 23.79 20.78 22.09 25.76 28.39 25.15 23.86 20.44 20.34 14.86 14.78 10.72 11.41  9.15 11.50  9.37 13.68 15.39 18.93 18.93 18.29 17.16 18.76 21.32 18.61 18.29 23.11 24.75 21.42 24.21 27.91 28.36 29.09 25.59 24.76 21.03 18.40 16.19 12.12 10.70  7.19  6.95  7.40  9.57 11.96 14.35 10.67 13.60 16.54 18.00 15.33 17.52 21.01 20.26 23.13 19.06 20.90 17.32 18.07 14.50 11.88  7.63  6.04  3.50  2.88  3.88  6.17  6.07  9.67  8.63  7.95 11.24 13.54 12.61 12.31 16.56
24.69 23.09 21.38 19.92 18.76 17.04 15.40 14.16 12.91 11.01  9.57  8.87  7.22  4.93  3.17  3.29  3.23  1.31  0.00  1.32  3.33  3.31  2.98  4.82  6.82  7.57  8.26 11.09 12.68 15.24 14.42 13.63 10.04 10.37 10.68  7.69  6.29  8.48  7.74  3.69  4.73  7.40  7.62  3.75  7.77 10.30  7.03  8.15 12.64 14.46 11.35 15.14 18.05 16.87 16.88 21.50 23.54 23.14 25.00 27.33 27.98 26.73 30.87 33.32 16.08 11.26 12.57  8.19 10.02  6.58  6.54  3.80  3.59  6.23  7.39  4.39  7.36  9.97  8.99  7.95 12.09 14.23 12.78 13.32 17.82 17.06 18.62 15.08 15.77 11.85 13.62 14.03 15.90 18.68 21.04 17.70 19.03 21.93 23.51 20.31 23.30 25.92 28.78 25.83 25.18 21.88 22.80 17.85 17.38 13.37 14.02 10.10 14.06 12.55 13.97 14.99 19.35 20.11 18.60 18.79 20.85 23.08 20.18 21.24 25.35 26.20 23.87 27.47 30.15 29.85 31.52 28.26 27.72 23.48 21.47 19.67 15.73 14.38 10.15 11.20 11.61 13.88 16.33 18.71 14.63 17.76 20.87 22.17 19.25 21.54 25.16 24.04 26.79 22.69 24.47 20.93 21.79 18.22 15.65 11.33  9.91  7.78  6.01  6.23  8.45  7.18 11.10 11.60 10.38 13.48 16.12 16.02 15.04 19.35
24.95 22.97 22.11 20.84 18.72 17.19 16.75 15.06 12.63 11.95 11.40  9.42  7.06  6.76  5.15  2.86  3.32  3.34  1.32  0.00  1.34  3.33  3.47  2.92  4.89  6.75  6.61  9.41 11.48 14.30 14.29 14.29 10.74 10.37 11.01  9.35  6.44  6.87  7.63  5.35  3.39  5.05  6.71  4.36  4.00  7.40  8.53  3.77  8.76 11.38 10.42 10.86 14.41 16.04 14.42 17.23 20.22 21.61 21.88 23.51 25.93 24.89 28.08 30.44 19.30 14.70 16.44 12.21 14.52 10.39 10.71  7.48  7.65 10.33 10.32  6.34  9.67 12.41 10.49  9.49 13.93 16.09 13.80 14.12 19.06 18.61 20.99 17.49 19.25 15.58 17.89 18.49 20.36 23.06 25.46 22.09 23.17 26.10 27.71 24.26 26.94 29.62 32.14 29.05 28.22 24.98 25.23 20.04 20.23 15.64 17.29 13.84 17.28 15.09 18.16 19.19 23.32 23.92 22.75 22.49 24.39 26.78 23.87 24.31 28.85 30.08 27.09 30.35 33.63 33.61 34.70 31.28 30.35 26.34 24.04 22.22 18.15 17.00 12.94 13.71 13.99 16.15 18.40 20.85 17.15 20.06 23.29 24.55 21.94 23.77 27.75 26.75 29.53 25.43 27.16 23.60 24.23 20.75 18.01 13.52 12.00 10.26  7.41  7.31  8.41  7.18 11.05 12.49 12.13 14.36 16.70 17.59 16.88 19.85
25.22 22.95 21.10 20.70 19.50 16.81 15.82 15.83 13.91 11.24 11.59 11.89  8.60  6.65  6.98  4.88  2.87  3.42  3.33  1.34  0.00  1.33  3.30  3.35  2.96  4.89  6.87  8.43 10.32 13.56 14.76 15.20 11.26 12.04 13.82 11.73  9.01 10.79 11.85  9.30  6.03 10.02 11.50  8.13  9.08 12.50 12.61  8.50 14.06 16.56 14.14 15.55 19.41 20.21 17.37 21.79 24.75 24.61 24.68 27.53 29.72 26.72 30.61 33.25 19.06 15.10 17.25 13.23 16.68 12.64 12.93  9.57  9.49 12.10 11.31  6.30  9.69 12.17  9.85  7.68 12.13 14.49 12.39 11.57 16.88 16.20 19.71 16.78 19.52 17.00 19.50 20.44 22.23 24.78 27.22 23.89 24.31 27.26 28.86 25.09 27.08 29.89 31.86 28.59 27.32 24.36 23.77 18.55 19.18 14.53 16.13 14.45 16.33 14.25 19.03 20.90 24.37 24.17 23.63 22.09 23.53 26.15 23.79 22.49 27.72 29.61 26.00 28.01 32.51 33.31 33.48 29.87 28.57 25.33 22.43 19.92 15.31 14.01 11.69 10.44 10.63 12.57 13.72 16.44 14.80 14.92 18.98 20.95 19.07 18.49 23.87 24.27 26.40 22.50 24.26 20.63 20.54 16.67 13.66  9.54  7.18  6.40  3.07  4.20  5.04  4.05  7.73  7.42 10.04 11.49 13.52 13.55 14.72 16.79
28.58 26.69 24.90 23.85 22.66 20.52 19.11 18.35 16.75 14.52 13.71 13.44 10.80  8.57  7.78  6.71  4.70  2.83  3.31  3.33  1.33  0.00  1.29  3.34  3.42  3.15  5.23  7.35  8.60 11.57 12.44 12.69  8.32 10.22 12.11 10.19  7.26  9.58 11.61  9.10  6.50 11.37 13.05  9.39 11.42 14.62 13.56 10.99 16.47 18.83 16.02 18.16 21.85 22.09 20.45 24.78 27.32 27.34 28.37 30.85 32.54 30.40 34.40 36.90 16.97 13.01 15.85 12.48 16.08 12.42 11.67  8.35  8.39 10.44  9.12  4.04  7.43  9.82  6.66  4.99  9.42 11.55  9.24  9.13 14.11 13.88 16.96 14.15 17.25 14.88 17.60 18.90 20.76 23.39 25.63 22.01 22.40 25.29 26.71 22.89 25.03 27.60 29.53 26.28 25.07 22.17 21.71 16.62 17.68 12.53 16.16 14.63 17.27 16.38 18.71 20.70 24.88 25.09 23.44 22.43 24.28 26.66 22.51 23.14 27.86 29.17 24.97 28.60 32.01 31.83 32.22 28.73 27.13 23.43 21.10 19.64 15.31 15.27 11.54 13.27 14.34 16.29 18.04 20.67 17.62 18.36 22.62 24.39 21.52 21.79 26.90 26.66 28.34 24.29 25.13 21.73 21.43 17.65 15.77 11.00 10.42  9.99  7.11  4.65  5.39  3.24  7.27  9.18  8.20  9.73 12.63 14.05 12.79 15.06
30.20 28.77 27.14 25.51 24.21 22.69 21.24 19.59 18.33 16.67 15.20 13.93 12.60 10.62  8.59  7.40  6.80  4.87  2.98  3.47  3.30  1.29  0.00  1.36  3.24  3.06  2.78  5.10  6.72  9.37  9.80  8.45  5.07  6.57  7.62  4.77  3.16  5.78  6.99  3.54  3.73  7.61  8.53  6.65  9.76 12.26 11.51 11.45 15.54 17.47 15.84 18.69 21.47 21.12 21.51 25.04 27.29 27.94 29.35 31.02 32.22 31.70 35.37 37.68 15.80 11.58 14.63 11.28 12.98  9.19  6.52  4.58  6.70  6.85  4.21  3.82  6.20  7.59  4.53  6.18  9.69  9.62  8.75 11.01 14.74 14.79 15.32 11.65 14.26  9.48 14.40 14.73 17.30 20.67 22.24 18.06 20.02 22.52 23.08 18.86 23.32 24.22 26.54 23.82 23.68 20.97 21.90 18.12 18.43 13.85 17.09 14.64 18.41 17.97 17.23 18.92 23.72 24.62 22.01 22.45 24.71 26.61 21.76 24.59 28.16 27.81 25.28 29.59 31.99 30.73 32.29 27.58 28.23 23.69 22.41 21.59 17.40 17.38 13.22 15.68 16.74 18.82 20.75 23.34 19.85 20.86 25.15 26.83 23.66 24.27 29.23 28.70 30.39 26.32 27.15 23.80 23.63 19.92 18.07 13.32 13.06 12.42  9.84  7.21  7.67  5.12  9.19 11.27  9.93 11.57 14.53 16.13 14.46 17.13
30.07 27.80 26.67 25.86 23.92 21.82 21.36 20.30 17.83 16.37 16.40 15.02 11.94 11.56 10.90  8.09  6.85  6.79  4.82  2.92  3.35  3.34  1.36  0.00  1.32  3.18  3.47  3.91  6.33  9.51 11.46 12.41  8.93  8.84 10.95  9.71  6.41  6.93 10.29  9.29  3.97  9.35 11.83 10.02  8.34 12.73 14.40  9.75 14.61 17.34 16.51 16.20 20.12 22.25 19.87 22.23 25.85 27.35 27.03 28.57 31.64 30.16 33.08 35.72 20.96 16.82 19.86 16.33 19.06 15.25 13.92 10.62 11.76 13.59 11.50  7.17 10.76 12.94  8.60  8.36 12.72 14.64 11.63 11.96 17.00 17.32 20.19 17.16 20.65 17.43 21.06 22.08 24.11 27.00 29.17 25.31 26.21 29.03 30.15 26.24 28.99 30.96 32.79 29.66 28.61 25.95 25.58 20.72 21.94 16.68 20.50 18.46 21.42 20.36 22.45 24.12 28.48 28.92 27.22 26.56 28.47 30.83 26.67 27.54 32.19 33.33 29.27 33.04 36.33 35.97 36.44 32.90 31.26 27.53 25.35 24.04 19.69 19.66 15.87 17.62 18.02 20.07 21.53 24.16 21.85 22.57 26.93 28.73 25.88 25.88 31.27 30.99 32.73 28.67 29.57 26.16 25.75 21.74 19.98 15.25 14.67 14.03 10.36  8.80  8.51  6.48  8.99 11.69 12.32 12.83 15.35 17.34 16.70 17.25
32.06 29.89 27.86 27.41 26.42 23.77 22.50 22.47 20.81 18.10 17.90 17.84 14.94 12.80 12.49 10.65  8.73  7.75  6.82  4.89  2.96  3.42  3.24  1.32  0.00  1.33  3.48  3.95  5.12  8.62 11.19 12.98  9.25 10.35 12.67 11.97  8.48 10.44 12.88 11.96  6.88 12.68 14.99 12.78 12.96 16.91 17.90 14.04 19.24 21.80 20.04 21.04 24.88 26.01 24.07 27.36 30.57 31.35 31.65 33.71 36.21 34.14 37.79 40.32 19.15 16.28 19.10 16.17 20.36 16.88 15.71 12.40 12.85 14.55 12.56  8.15 11.26 12.84  8.00  7.37 11.09 12.89  9.43  8.36 13.91 12.68 17.86 16.38 20.07 18.31 21.57 23.26 24.90 27.14 29.38 26.03 25.61 28.47 29.89 26.18 27.14 29.48 31.04 27.63 25.67 23.41 21.52 16.76 18.97 14.02 18.12 18.23 19.72 19.76 22.40 24.75 28.71 28.23 26.87 25.02 26.56 29.02 24.80 24.49 29.58 31.27 26.21 29.21 33.38 33.45 32.72 29.15 26.59 23.91 21.33 20.01 15.32 15.89 13.06 14.96 16.46 18.02 18.80 21.53 19.95 17.68 23.03 25.21 22.77 20.41 27.17 28.15 28.76 24.90 25.32 22.02 20.45 15.64 14.75 10.71 10.90 11.93  8.78  5.79  2.68  2.95  2.48  5.06  7.13  7.70  8.72 10.78 12.35 11.53
34.30 32.75 30.76 29.38 28.53 26.66 24.78 23.86 22.79 20.61 19.08 18.87 16.81 14.47 12.84 12.24 10.63  8.63  7.57  6.75  4.89  3.15  3.06  3.18  1.33  0.00  1.38  2.94  2.64  5.41  7.36  9.34  4.93  7.33  9.80  9.82  6.62  9.58 12.12 10.39  7.96 13.53 15.30 12.99 14.67 18.37 17.30 16.03 21.08 23.51 21.41 23.21 26.86 27.10 26.16 29.59 32.62 33.18 33.89 35.92 38.09 36.31 40.05 42.51 15.74 12.12 15.92 14.09 17.30 13.60 11.82  9.25  8.97  9.43  7.00  4.47  6.58  6.81  2.40  2.76  5.87  6.95  3.66  5.90  9.43 10.44 12.60 10.26 14.40 12.41 16.94 18.81 20.85 23.76 25.31 21.38 21.97 24.54 24.98 20.96 23.83 24.80 25.98 22.96 21.96 20.00 18.98 15.61 17.28 11.93 16.82 17.09 19.60 20.77 20.00 22.55 27.17 27.23 24.79 23.95 25.95 28.03 22.41 24.45 28.64 28.94 24.66 29.37 31.95 30.98 31.30 26.81 25.99 22.18 20.51 20.08 16.30 17.44 13.18 17.56 19.21 21.30 23.13 25.65 21.95 21.69 26.61 28.28 24.60 24.74 29.97 29.57 30.16 26.26 25.98 23.18 22.46 18.77 18.15 13.62 14.87 14.45 12.76  9.03  7.49  3.84  7.19  9.86  8.03  8.13 11.94 14.08 11.57 12.57
34.97 33.04 31.88 30.58 28.77 27.07 26.21 24.70 22.63 21.38 20.58 18.89 16.68 15.90 14.27 11.66 11.52 10.75  8.26  6.61  6.87  5.23  2.78  3.47  3.48  1.38  0.00  1.29  2.64  4.37  6.31  9.08  6.24  3.71  6.85  8.00  4.60  3.54  7.94  9.12  2.99  8.88 11.57 11.73 10.56 14.31 16.21 13.99 17.77 20.12 20.19 20.66 23.84 25.46 24.68 26.44 29.88 31.50 31.89 32.41 35.63 35.16 37.99 40.42 21.77 18.13 21.71 19.00 21.50 17.61 15.56 12.69 13.93 14.89 12.13  9.27 12.11 12.84  6.63  8.49 11.98 12.89  8.92 10.61 14.88 16.12 18.86 16.54 20.60 17.77 22.65 23.94 26.17 29.20 30.94 26.89 27.79 30.41 30.87 26.83 29.86 31.01 32.31 29.28 28.21 26.12 25.08 21.29 23.09 17.69 22.40 21.66 24.42 24.23 25.12 27.05 31.62 32.17 29.96 29.22 31.18 33.41 28.27 29.81 34.26 34.88 30.51 34.85 37.81 36.98 37.19 32.99 31.64 28.05 26.20 25.49 21.32 22.11 18.29 21.14 22.43 24.35 25.89 28.58 25.62 25.32 30.25 32.12 29.01 28.33 34.23 34.16 35.15 31.18 31.28 28.24 27.27 23.03 22.19 17.64 17.92 17.96 15.09 11.87 10.79  7.41  9.95 13.12 13.36 12.46 15.81 18.09 16.99 16.27
38.28 36.21 34.66 33.71 32.21 30.07 29.01 28.07 26.12 24.22 23.59 22.68 20.03 18.47 17.33 15.31 13.98 12.84 11.09  9.41  8.43  7.35  5.10  3.91  3.95  2.94  1.29  0.00  1.38  3.73  7.13 10.36  8.83  7.26 10.67 12.03  8.57  9.83 13.23 13.93  8.68 14.63 17.21 16.39 15.94 19.89 21.59 18.38 22.94 25.43 24.58 25.25 28.86 30.29 28.82 31.27 34.76 36.16 36.22 37.47 40.54 39.14 42.31 44.88 23.88 20.28 24.01 21.46 24.41 20.51 18.63 15.69 16.41 17.35 14.58 11.76 14.51 14.99  8.65 10.53 13.76 14.05  9.33 11.62 15.34 17.35 20.33 18.49 22.64 20.11 25.04 26.56 28.68 31.66 33.37 29.36 30.13 32.73 33.12 29.09 31.93 33.04 34.12 31.08 29.88 27.98 26.48 22.96 25.01 19.60 24.48 24.01 26.60 26.44 27.56 29.69 34.21 34.55 32.38 31.48 33.38 35.64 30.44 31.80 36.35 37.07 32.43 36.66 39.78 38.98 38.95 34.81 33.15 29.80 27.90 27.21 22.95 23.90 20.32 22.97 24.27 26.04 26.81 29.57 27.58 26.05 31.40 33.60 30.90 28.57 35.64 36.13 36.93 33.00 32.97 29.96 28.52 23.68 23.09 19.16 19.23 19.74 16.70 13.52 11.10  9.02  6.97 13.11 15.14 13.55 16.17 18.54 18.53 15.88
40.23 38.26 36.60 35.55 34.19 32.10 30.85 29.90 28.13 26.17 25.32 24.52 22.04 20.26 18.95 17.20 15.96 14.43 12.68 11.48 10.32  8.60  6.72  6.33  5.12  2.64  2.64  1.38  0.00  1.37  3.82  6.77  6.23  5.43  8.36 10.33  8.18  9.76 12.74 14.01 10.02 15.53 17.90 17.76 17.97 21.40 23.05 20.55 25.05 27.29 26.51 27.55 31.04 32.17 31.03 33.62 36.98 38.25 38.54 39.78 42.63 41.36 44.68 47.18 20.07 17.03 21.49 20.79 23.91 20.37 18.23 16.04 15.75 15.45 12.74 10.89 11.75 10.96  6.40  7.72  9.63  8.23  3.77  6.49  9.34 11.70 14.51 13.69 18.13 17.00 22.13 24.56 26.80 29.70 30.57 26.81 27.24 29.48 29.11 24.83 27.93 27.97 28.59 25.36 24.47 23.30 20.77 18.97 21.74 16.68 22.32 23.58 25.99 27.63 26.45 29.26 33.90 33.64 31.12 30.05 31.96 33.71 27.46 29.63 33.83 33.68 28.86 33.58 36.30 34.92 34.50 29.78 28.31 25.41 23.77 24.02 20.33 22.44 19.06 23.37 25.36 27.11 28.25 30.86 28.25 25.77 31.54 33.52 29.92 28.09 34.70 35.28 34.73 31.10 29.85 27.52 25.53 21.17 21.91 17.55 19.94 20.80 18.28 14.58 11.84  8.48  8.33 12.17 12.99  9.28 12.68 15.36 14.63 10.28
43.08 41.22 39.62 38.40 37.01 35.09 33.79 32.64 30.93 29.13 28.09 27.08 24.86 23.16 21.57 19.81 18.95 17.33 15.24 14.30 13.56 11.57  9.37  9.51  8.62  5.41  4.37  3.73  1.37  0.00  1.45  4.97  6.00  5.95  8.56 10.74 10.01 10.86 13.96 15.44 12.06 17.07 19.64 19.91 19.98 23.45 25.13 23.04 27.11 29.36 28.89 29.98 33.21 34.31 33.67 35.88 39.24 40.75 41.12 41.87 44.84 44.08 47.26 49.70 24.27 20.97 25.22 23.80 26.30 22.54 19.86 17.90 18.65 18.23 14.95 14.15 15.77 14.36  7.59 12.55 14.16 12.13  6.68 12.22 14.05 16.25 18.51 17.20 21.48 18.90 24.96 27.08 29.44 32.68 33.31 29.39 30.52 32.79 32.07 27.57 31.78 31.30 31.86 28.62 28.63 27.55 25.32 24.36 26.55 21.48 26.79 27.23 30.01 30.66 29.66 32.04 36.84 37.25 34.42 34.00 36.08 37.76 31.61 34.53 38.33 37.61 33.64 38.47 40.94 39.21 39.40 33.89 33.86 30.33 29.31 29.64 25.98 27.50 23.60 27.39 28.89 30.81 32.28 34.96 31.93 30.97 36.28 38.17 34.82 33.68 39.89 39.91 40.22 36.40 35.61 33.10 31.65 27.38 27.44 23.07 24.11 24.36 21.71 18.15 16.35 12.96 13.14 17.74 17.96 15.55 19.20 21.80 20.37 17.15
41.91 40.38 38.99 37.29 35.83 34.43 33.02 31.33 29.86 28.54 27.01 25.51 24.03 22.63 20.40 18.70 18.89 17.24 14.42 14.29 14.76 12.44  9.80 11.46 11.19  7.36  6.31  7.13  3.82  1.45  0.00  1.41  3.13  2.92  4.66  6.88  7.51  7.99 10.48 12.16 10.37 13.91 16.47 17.45 18.03 20.34 22.23 21.72 24.75 26.74 26.90 28.49 31.05 31.71 32.31 34.16 36.82 38.66 39.70 39.78 42.38 42.73 45.82 47.80 24.37 20.99 24.77 22.56 24.34 20.70 17.80 16.07 17.57 17.24 13.81 13.79 15.77 14.47  7.34 13.02 15.05 12.59  8.31 13.99 15.84 17.29 19.38 17.33 21.31 17.64 24.03 25.06 27.99 31.43 32.13 28.08 29.80 32.08 31.31 26.58 31.42 30.92 31.87 28.82 29.25 27.96 26.47 25.40 27.10 22.09 26.86 26.11 29.44 29.81 28.46 30.40 35.22 36.08 33.22 33.37 35.57 37.30 31.51 34.66 38.30 37.34 34.11 38.82 41.23 39.36 40.07 34.25 35.04 31.11 30.25 30.51 27.08 28.19 23.39 27.74 28.92 31.13 33.17 35.73 31.72 32.47 37.15 38.74 35.01 35.58 40.68 39.79 40.76 36.85 36.46 33.85 33.19 29.35 29.04 24.52 25.22 24.33 22.35 19.27 18.30 14.65 16.30 20.13 18.80 17.42 21.47 23.97 21.69 19.44
40.23 38.97 37.59 35.61 34.27 33.18 31.57 29.65 28.48 27.36 25.47 23.87 22.95 21.55 18.98 17.64 18.40 16.57 13.63 14.29 15.20 12.69  8.45 12.41 12.98  9.34  9.08 10.36  6.77  4.97  1.41  0.00  1.22  2.75  3.33  4.02  5.54  7.27  8.59  9.61 10.30 12.50 13.71 15.62 17.21 18.23 20.37 20.76 23.46 25.08 25.17 27.46 29.63 29.64 31.03 33.12 35.12 37.02 38.34 38.56 40.48 41.29 44.44 46.22 22.53 19.19 22.60 20.30 21.47 18.14 15.04 13.86 15.63 15.00 11.47 12.18 14.16 12.86  6.31 11.90 14.10 10.85  8.33 14.04 15.85 16.36 18.13 15.69 19.42 14.87 21.34 21.75 25.08 28.62 29.15 25.11 27.08 29.46 28.79 23.97 29.21 28.85 29.86 26.96 27.82 26.35 25.47 24.27 25.60 20.83 25.22 24.06 27.64 27.99 25.99 27.75 32.59 33.62 30.65 31.21 33.49 35.02 29.30 32.90 36.30 35.02 32.46 37.01 39.36 37.46 38.53 32.58 33.89 29.70 28.97 29.31 26.20 27.03 21.93 26.73 27.78 30.13 32.48 34.91 30.31 31.96 36.24 37.50 33.62 35.22 39.56 38.14 39.38 35.50 35.21 32.69 32.38 29.09 28.48 23.95 24.76 22.83 21.92 19.08 18.46 14.84 18.20 20.90 18.03 17.68 22.11 24.30 20.87 20.73
37.08 35.71 34.27 32.42 31.09 29.83 28.25 26.48 25.22 23.95 22.18 20.71 19.55 18.06 15.60 14.23 14.80 12.67 10.04 10.74 11.26  8.32  5.07  8.93  9.25  4.93  6.24  8.83  6.23  6.00  3.13  1.22  0.00  1.38  3.60  3.71  3.01  4.98  7.00  7.36  7.35 10.72 12.03 12.67 14.48 16.64 17.95 17.60 20.86 22.63 22.23 24.54 27.01 27.07 27.96 30.46 32.71 34.34 35.51 36.15 37.99 38.26 41.59 43.68 18.58 15.06 18.81 16.85 19.08 15.35 12.59 10.83 11.81 11.37  7.97  7.86  9.84  8.77  1.89  7.23  9.62  7.46  4.47 10.06 11.90 12.51 14.43 12.09 16.07 12.41 18.39 19.99 22.44 25.77 26.65 22.60 24.12 26.45 26.17 21.56 26.13 25.84 26.92 23.97 24.18 22.69 21.61 19.79 21.20 16.21 20.87 20.47 23.62 24.56 22.71 24.91 29.74 30.43 27.48 27.45 29.64 31.35 25.56 28.67 32.31 31.58 28.28 32.95 35.39 33.80 34.62 29.08 29.75 25.63 24.57 24.67 21.37 22.42 17.53 22.37 23.78 26.02 28.19 30.65 26.34 27.16 31.74 33.22 29.28 30.32 35.00 33.99 34.85 30.97 30.59 28.00 27.58 24.22 23.58 19.05 20.21 18.80 17.98 14.37 13.70 10.15 13.57 16.19 13.16 13.08 17.46 19.55 16.21 16.94
36.84 35.34 34.19 32.39 30.73 29.54 28.32 26.37 24.79 23.85 22.34 20.41 19.16 18.27 15.88 13.87 14.72 13.62 10.37 10.37 12.04 10.22  6.57  8.84 10.35  7.33  3.71  7.26  5.43  5.95  2.92  2.75  1.38  0.00  1.40  3.38  3.23  2.76  4.89  6.75  5.49  8.71 10.73 12.13 12.47 14.69 16.49 16.39 19.03 20.96 21.47 22.94 25.32 26.10 26.86 28.52 31.04 32.96 34.12 34.07 36.64 37.26 40.20 42.04 22.52 19.00 22.50 19.38 20.61 17.05 14.38 12.40 14.51 14.84 11.37 11.15 13.42 12.78  5.89 11.30 13.72 11.77  8.99 14.02 16.18 17.06 18.92 16.12 19.96 15.64 21.81 22.15 25.32 28.79 29.85 25.75 27.62 29.98 29.64 24.97 29.83 29.79 31.21 28.41 28.48 26.71 26.01 23.87 25.20 20.19 24.65 22.61 26.38 25.70 25.36 26.73 31.44 32.48 30.12 30.59 32.81 34.79 29.36 32.41 36.07 35.31 32.28 36.89 39.32 37.71 38.68 33.20 33.88 29.73 28.66 28.63 25.19 25.94 20.93 24.45 25.17 27.45 29.73 32.21 28.01 30.10 34.12 35.48 32.04 33.55 37.99 36.72 38.57 34.58 34.52 31.79 31.44 27.93 27.06 22.43 22.36 20.87 18.66 16.63 16.48 12.90 16.54 19.21 16.94 16.76 20.99 23.18 20.23 20.33
36.09 34.85 33.84 31.75 30.09 29.29 28.01 25.74 24.37 23.81 22.02 19.79 19.17 18.56 15.86 14.08 15.65 14.65 10.68 11.01 13.82 12.11  7.62 10.95 12.67  9.80  6.85 10.67  8.36  8.56  4.66  3.33  3.60  1.40  0.00  1.31  3.15  3.19  2.91  4.91  6.74  6.88  8.99 10.80 11.74 12.43 14.98 16.25 17.69 19.57 20.49 22.37 24.19 24.49 26.22 27.67 29.54 31.70 33.13 32.89 35.09 36.42 39.22 40.69 23.36 19.51 22.47 18.89 19.21 16.13 13.33 11.99 13.94 14.70  9.88 11.79 14.12 14.36  8.33 13.38 15.94 13.62 11.58 16.68 18.82 19.35 21.01 17.79 21.01 15.59 21.51 20.39 24.14 27.70 28.92 24.78 27.09 29.66 29.46 24.88 30.19 30.39 32.31 29.96 30.18 28.03 28.20 25.65 26.32 21.60 25.21 22.21 26.30 25.42 24.59 25.59 30.26 31.55 29.19 30.17 32.45 34.31 29.59 32.67 36.13 35.33 33.14 37.49 39.84 38.18 39.85 34.42 35.67 31.19 30.14 29.89 26.59 26.56 21.35 25.02 25.50 27.89 30.45 32.80 28.09 31.19 34.73 35.30 32.29 34.79 38.49 36.68 38.97 34.96 35.57 32.68 33.01 29.90 28.24 23.70 23.50 21.03 19.69 18.14 18.40 14.89 18.68 21.31 18.70 19.18 23.35 25.42 22.35 23.06
33.44 32.29 31.10 28.97 27.50 26.68 25.18 22.98 21.84 21.11 19.11 17.13 16.68 15.75 12.92 11.59 13.28 11.96  7.69  9.35 11.73 10.19  4.77  9.71 11.97  9.82  8.00 12.03 10.33 10.74  6.88  4.02  3.71  3.38  1.31  0.00  1.24  3.26  3.33  2.89  4.84  6.82  6.97  8.75 10.78 11.84 13.39 14.38 16.76 18.19 18.18 20.86 22.78 22.51 24.21 26.55 28.19 30.00 31.38 31.96 33.41 34.34 37.50 39.28 15.91 12.69 15.42 13.18 13.78 10.99  7.71  7.86  9.70  8.23  3.80  6.88  9.30  7.93  6.22  9.55 11.61  7.62 10.14 14.25 15.69 13.89 14.03 10.77 12.80  7.14 13.37 13.30 16.79 20.39 20.79 16.75 18.91 21.44 20.89 16.23 21.76 21.85 23.94 21.90 22.48 20.31 21.49 19.24 19.65 15.85 18.93 17.45 21.17 20.94 18.36 20.07 24.90 26.06 22.77 23.87 26.23 27.36 21.85 26.08 29.04 27.29 25.70 30.00 32.19 30.03 32.15 26.30 28.69 23.93 23.50 23.74 20.84 21.66 16.35 21.59 22.42 24.86 27.52 29.81 24.62 27.78 31.18 31.67 27.71 31.24 33.94 31.64 33.15 29.42 29.34 27.00 27.55 25.03 24.29 20.30 20.65 16.96 17.09 15.32 16.37 13.23 17.31 19.68 14.66 16.78 21.00 22.38 17.41 21.11
32.05 30.61 29.49 27.62 25.96 24.86 23.63 21.60 20.06 19.24 17.67 15.63 14.56 13.85 11.35  9.34 10.77  9.96  6.29  6.44  9.01  7.26  3.16  6.41  8.48  6.62  4.60  8.57  8.18 10.01  7.51  5.54  3.01  3.23  3.15  1.24  0.00  1.37  3.27  3.29  2.85  4.90  6.83  7.39  8.64 10.80 12.16 11.95 14.90 16.72 16.72 18.66 21.06 21.50 22.27 24.50 26.82 28.49 29.66 30.18 32.22 32.62 35.74 37.77 20.50 16.35 19.44 15.74 16.83 13.28 10.96  8.77 10.61 11.73  8.16  7.75 10.48 11.48  6.19  9.48 12.55 11.97 10.04 13.49 16.72 17.33 18.87 15.39 18.76 13.61 19.24 18.94 21.99 25.40 26.93 22.75 24.87 27.36 27.59 23.07 28.00 28.47 30.51 27.96 27.77 25.40 25.56 21.91 22.83 17.78 21.65 18.59 22.56 21.24 21.70 22.73 27.30 28.37 26.40 26.96 29.14 31.21 26.59 29.13 32.91 32.69 29.98 34.36 36.80 35.58 36.89 32.12 32.26 28.01 26.55 25.98 22.31 22.54 17.57 20.53 20.95 23.28 25.73 28.12 23.75 26.75 30.24 31.06 28.17 30.20 34.27 32.75 35.21 31.14 31.71 28.66 28.69 25.28 23.70 19.06 18.90 16.79 14.84 13.39 13.59 10.28 14.32 16.78 14.32 15.36 19.23 21.11 18.32 20.10
32.22 30.79 30.03 28.10 26.13 25.30 24.42 22.10 20.36 20.08 18.68 16.08 15.28 15.35 12.93 10.52 12.46 11.97  8.48  6.87 10.79  9.58  5.78  6.93 10.44  9.58  3.54  9.83  9.76 10.86  7.99  7.27  4.98  2.76  3.19  3.26  1.37  0.00  1.30  3.31  3.38  2.96  5.04  6.87  6.85  8.89 10.77 11.72 13.11 15.12 16.44 17.58 19.56 20.62 21.70 22.85 25.14 27.26 28.57 28.21 30.86 31.98 34.62 36.19 22.88 18.65 21.54 17.73 18.36 15.23 12.78 10.56 12.65 13.93 10.10 10.05 12.87 14.16  9.26 12.45 15.56 14.68 13.07 16.64 19.79 20.21 21.55 18.01 21.21 16.14 21.31 20.64 23.88 27.30 28.96 24.77 26.97 29.52 29.91 25.55 30.36 31.03 33.16 30.54 30.39 27.91 28.42 24.64 25.29 20.40 23.81 20.66 24.68 22.77 23.67 24.29 28.70 29.98 28.30 28.99 31.19 33.22 28.82 31.20 35.03 34.90 32.30 36.63 39.06 37.87 39.34 34.54 34.97 30.60 29.16 28.46 24.81 24.64 19.61 22.69 22.64 25.06 27.57 29.89 25.55 28.76 32.34 32.47 30.34 32.33 36.40 34.83 37.24 33.18 34.06 30.90 31.22 27.92 25.96 21.33 20.89 18.95 16.75 15.43 16.08 13.00 17.08 19.46 17.06 18.43 22.18 23.98 21.21 23.24
