64 10 5

Slice 1
1.1132962703704834,-1.3115100860595703,1.4585453271865845,0.6075128316879272,0.45158272981643677
-0.4943978786468506,-2.1733360290527344,1.171635627746582,-0.3019915223121643,0.16190986335277557
0.08583159744739532,1.3168339729309082,0.9285125732421875,0.6567707657814026,-0.2368919998407364
-0.5282495617866516,-0.2720581889152527,0.35169902443885803,-0.2805383801460266,0.5326282382011414
0.9645475149154663,-0.2851545810699463,-0.6990288496017456,0.22559452056884766,0.027820605784654617
0.326389878988266,-2.0220870971679688,1.1433175802230835,0.7859387993812561,0.19707408547401428
0.4127146303653717,-0.3924348056316376,0.127973273396492,1.3440814018249512,0.6856949925422668
0.3193625211715698,0.41664403676986694,0.14066864550113678,0.2790240943431854,-0.4267699718475342
-1.2032605409622192,0.008880505338311195,-0.5217189192771912,-0.50682532787323,-1.1116501092910767
-0.8110073208808899,-1.3270630836486816,0.12139353901147842,-1.8394310474395752,-0.32186368107795715

Slice 2
0.0017984164878726006,0.1566278487443924,-1.0977635383605957,0.25226128101348877,0.8049792051315308
-0.6166078448295593,-0.71653813123703,-0.14852750301361084,0.04128681868314743,0.675423264503479
0.9832552671432495,0.714195728302002,-1.486375093460083,0.6361678242683411,-0.5456425547599792
0.9609391093254089,-0.8530381917953491,0.7188162803649902,0.6449940204620361,0.09678742289543152
0.5298759937286377,0.5370677709579468,-0.7616862058639526,0.2094806730747223,-0.7786438465118408
1.3574771881103516,1.43517005443573,-0.09996912628412247,-0.728522002696991,-0.029743153601884842
0.47228020429611206,-1.0609652996063232,1.1819429397583008,-0.14064542949199677,0.4081912040710449
0.12208710610866547,0.7863750457763672,-0.8726202249526978,2.0025408267974854,-0.776007890701294
-0.5577624440193176,0.2484896034002304,0.11525561660528183,-0.8868967294692993,1.2926158905029297
0.29488009214401245,0.24110279977321625,0.9680986404418945,-1.2296584844589233,0.39447730779647827

Slice 3
0.7429046034812927,-0.17128390073776245,0.7097947001457214,-0.02261226437985897,-0.14090821146965027
0.8222590684890747,1.0602478981018066,1.0200459957122803,0.3428706228733063,0.6140969395637512
0.5280390381813049,0.679755449295044,0.7925765514373779,0.6084745526313782,0.9087201952934265
0.5241082906723022,-0.26425373554229736,0.6425262689590454,0.1017213687300682,0.5376822352409363
-0.46688613295555115,0.7157847285270691,0.7070456147193909,0.370708167552948,0.1201569139957428
1.1633309125900269,-0.06481336057186127,0.2922070026397705,0.586391270160675,0.6223554611206055
1.404093861579895,0.6170157790184021,0.22770027816295624,0.4383787512779236,1.136522650718689
0.722635805606842,-0.4681336581707001,1.2276508808135986,-0.3056974709033966,-0.05234960839152336
1.557881474494934,-0.36646947264671326,0.3772824704647064,-0.4310985207557678,0.4380796253681183
0.07117541134357452,0.8355569243431091,-0.9707276225090027,-0.06903153657913208,-0.08910148590803146

Slice 4
0.3650258779525757,-0.29941967129707336,-0.41239944100379944,0.16972751915454865,-0.05919746682047844
0.3329463005065918,-0.6330438852310181,0.3983558714389801,0.375428706407547,0.36993515491485596
1.920089602470398,1.1503998041152954,0.7916685938835144,0.3682672381401062,-0.740578293800354
-0.07648755609989166,0.16735120117664337,0.9142356514930725,-0.09639395028352737,0.9521516561508179
-0.1956920325756073,-0.21699915826320648,-0.6571606397628784,-0.7660064101219177,0.703012228012085
-0.5710395574569702,-0.7089605927467346,-1.3178951740264893,-0.24844110012054443,0.5949342846870422
0.8435145020484924,0.3586437404155731,-0.8401961922645569,-0.8289648294448853,-1.0827863216400146
-0.04596322402358055,-0.8579012155532837,0.3195628821849823,-1.0058737993240356,-1.8364121913909912
-1.9041082859039307,-0.6471028327941895,-0.1157015860080719,-1.2729791402816772,-0.4605623185634613
-0.43351462483406067,-0.4809418320655823,-0.6576558947563171,-1.17371666431427,-0.937761664390564

Slice 5
-1.0263128280639648,-0.564858615398407,-0.5958819389343262,-0.42132851481437683,0.35993021726608276
0.6142727136611938,0.4045206308364868,-0.14942482113838196,-0.4774528443813324,0.2800855338573456
0.032041341066360474,-0.3208731412887573,0.4854609966278076,0.37561550736427307,0.02531946264207363
-0.3151663839817047,0.0436125285923481,-0.7903264164924622,-1.0659915208816528,-0.3261927664279938
-0.24791370332241058,1.062070608139038,-0.16771414875984192,0.08583265542984009,0.9391788840293884
0.5919564366340637,0.336589515209198,-0.4218406677246094,-0.9795151352882385,-0.2599290609359741
-1.1916701793670654,-0.7916758060455322,-0.47409483790397644,1.85947847366333,-0.53774493932724
0.9050604104995728,0.27505385875701904,0.29802417755126953,-0.352537602186203,-0.5853408575057983
-0.955822229385376,-0.6165761351585388,-0.38195735216140747,-1.4215178489685059,0.07669573277235031
0.8658481240272522,0.2575196921825409,0.2686271369457245,0.9501156806945801,0.7095567584037781

Slice 6
1.6303638219833374,-0.002300298772752285,-1.2047042846679688,1.6715705394744873,0.4385210871696472
-0.838194727897644,-1.809031367301941,-0.4467872381210327,-1.1831284761428833,0.13843059539794922
-0.997288167476654,2.0138070583343506,-0.42752113938331604,-1.5720610618591309,-0.1739150881767273
0.714397668838501,-0.27609384059906006,1.6097873449325562,1.2508567571640015,0.6441696882247925
-0.10669749975204468,1.1721863746643066,-0.06384412944316864,-0.6144258975982666,-0.26391860842704773
0.8814001083374023,-0.8028695583343506,-0.6305068731307983,-0.35762089490890503,0.1781815141439438
-1.4593628644943237,0.8701894879341125,0.2721558213233948,0.9108901619911194,0.9278451800346375
1.718788743019104,-0.25229954719543457,0.735714316368103,1.4009279012680054,0.46100834012031555
0.47882533073425293,-0.9917157888412476,0.30511754751205444,-0.1561899334192276,0.8042346835136414
0.9782465696334839,1.8431787490844727,0.39879781007766724,-0.5197864770889282,-0.01738215982913971

Slice 7
-0.6279381513595581,0.6987372636795044,-0.6186513304710388,-0.7069300413131714,-0.03148487210273743
-0.3232526481151581,0.8165532946586609,-0.15553830564022064,0.6383693218231201,-0.03550934046506882
0.4672723412513733,-0.8156976699829102,-0.27084776759147644,-0.5747906565666199,-0.0529366210103035
0.7511575818061829,0.99135822057724,0.045079950243234634,-1.200727939605713,0.31473925709724426
-0.7262000441551208,-1.593546986579895,-0.4483111798763275,-1.0319921970367432,-0.33188754320144653
-1.5460313558578491,-0.6084891557693481,-0.7667771577835083,-0.3124524652957916,-2.0632541179656982
1.3050564527511597,-0.7094568014144897,1.240566611289978,0.17759403586387634,0.023286156356334686
-0.3918985426425934,0.07648830115795135,-0.5916748642921448,0.3170589208602905,-0.7019121646881104
0.26072654128074646,-1.7791048288345337,-0.13718265295028687,-0.12413673102855682,-0.33586356043815613
1.0981358289718628,1.6313585042953491,0.7581647038459778,0.8760637044906616,0.6857640743255615

Slice 8
0.7862218618392944,0.6727162003517151,-1.0169460773468018,0.6218577027320862,0.8028091788291931
0.15634730458259583,2.4327518939971924,-1.4322515726089478,-0.17871031165122986,0.7917814254760742
-0.7529870271682739,-0.6587880849838257,-0.4491201937198639,-0.34188950061798096,-0.00303076533600688
0.5320692658424377,-1.1252585649490356,-2.905477523803711,0.5886841416358948,0.2590869069099426
-0.309854656457901,0.7177199125289917,0.3018607199192047,-0.0392257384955883,0.0028412670362740755
0.011736977845430374,-0.4750286042690277,-0.741156280040741,0.11166558414697647,0.1137489452958107
-0.6708100438117981,-1.5440349578857422,0.746002733707428,0.37381985783576965,0.1258602738380432
-1.0708799362182617,0.14497517049312592,-0.9438356161117554,-0.7263311147689819,-0.37531524896621704
0.6821972727775574,-0.8008110523223877,-1.9591398239135742,0.7342151999473572,-0.19376574456691742
1.0935626029968262,-0.8419076800346375,-0.7346498370170593,1.6525378227233887,0.7354256510734558

Slice 9
-0.14189660549163818,-0.27227315306663513,-0.5397893786430359,-0.2765178978443146,-0.24367523193359375
-0.5635252594947815,-0.7878554463386536,-0.514968991279602,-0.009445525705814362,-0.6399716138839722
0.5492379665374756,-1.1965094804763794,0.3007076680660248,1.0525928735733032,-0.6720132827758789
0.8851912021636963,-0.2958851456642151,0.1484805792570114,0.033999547362327576,0.23879267275333405
0.9776766300201416,-0.07513579726219177,0.6572560667991638,1.3626261949539185,-0.10206611454486847
0.31534695625305176,-0.8963449597358704,-0.24287688732147217,0.7013459205627441,-0.5604163408279419
1.0990697145462036,-0.5741310715675354,0.5279290080070496,1.2105305194854736,0.3228665590286255
-0.81913822889328,1.4433906078338623,0.4317351281642914,-0.6589022278785706,0.404945433139801
-0.1604531705379486,0.40844500064849854,-0.3835914731025696,-0.6285218596458435,0.3512512147426605
-0.6462934613227844,0.5973793864250183,0.5801910758018494,-0.08459541946649551,-0.02675318531692028

Slice 10
-1.4944674968719482,0.21063922345638275,0.22042937576770782,-1.4554009437561035,-0.8151514530181885
-0.38490909337997437,-0.2572886049747467,-0.038682714104652405,2.4044318199157715,-0.6660563349723816
0.26871466636657715,1.6308891773223877,0.9647023677825928,-0.1654169112443924,0.5512048602104187
-1.163680911064148,-0.1029871329665184,-0.23893722891807556,-0.0549519807100296,-2.1891329288482666
-0.5546556711196899,1.6899352073669434,0.9324014186859131,-0.4209728240966797,-1.06298828125
-0.07110856473445892,-0.5663599371910095,-0.2888708710670471,1.7626898288726807,0.6206450462341309
-0.3893597424030304,0.27649354934692383,0.8612169027328491,-0.11892949044704437,-0.25675341486930847
2.0129647254943848,-0.5072599053382874,-0.1939576119184494,-0.33251291513442993,0.1821262389421463
0.8013666272163391,-0.39273884892463684,-0.5695017576217651,0.5052427649497986,-0.5011555552482605
-0.031133586540818214,-0.3794189989566803,-0.5700820684432983,0.5623297095298767,0.09124675393104553

Slice 11
1.160955548286438,0.7103185653686523,-0.25470754504203796,0.4264518916606903,0.36469948291778564
1.0841764211654663,-0.021350892260670662,0.8942052125930786,1.256354570388794,-0.9172407984733582
0.15226590633392334,0.1262383759021759,0.4892336130142212,0.07624881714582443,0.35524049401283264
0.7405043840408325,-3.191267967224121,0.1249503418803215,1.00167977809906,-0.8020508885383606
1.177293300628662,1.9127037525177002,0.9631977081298828,-0.07419995218515396,0.06657621264457703
1.5159461498260498,-0.7765777111053467,0.756121814250946,-0.25444504618644714,0.3826642632484436
0.377431184053421,-0.47263580560684204,-0.806372344493866,-0.2516155242919922,0.48657289147377014
-0.22714854776859283,-0.934008002281189,-0.15863436460494995,-1.1667447090148926,-0.07440216094255447
0.832365095615387,-2.7417893409729004,0.3763124346733093,0.0867382287979126,-0.710298478603363
0.22528567910194397,-0.014591694809496403,-0.5809071660041809,0.7408791184425354,0.23510992527008057

Slice 12
-0.002430323511362076,-1.7359462976455688,-1.1646833419799805,-0.0031915404833853245,-0.684975802898407
-1.0591845512390137,-0.692790687084198,-1.4670740365982056,-1.039053201675415,-1.058280110359192
-0.5988593101501465,1.5349425077438354,1.1082608699798584,0.6345820426940918,0.5200504660606384
1.302951693534851,-0.0076688556000590324,-0.4130224287509918,0.413818895816803,0.39679133892059326
0.27724555134773254,-0.43914613127708435,-0.6018815636634827,-0.592693030834198,0.4612162411212921
1.049665927886963,0.984138011932373,0.9707940816879272,0.7506257891654968,0.18880526721477509
0.3668678402900696,0.11876749992370605,-0.636665940284729,-1.4836755990982056,0.2952323853969574
0.12393470108509064,1.3535815477371216,0.7608405351638794,-0.029707375913858414,0.9346947073936462
0.716728925704956,1.733441710472107,0.7218074202537537,-0.1448163241147995,1.3393934965133667
0.18104664981365204,-0.4308643341064453,-0.10694807022809982,-0.8393189311027527,-0.19184798002243042

Slice 13
1.4538429975509644,-0.058326203376054764,-0.1374974399805069,0.6807610988616943,0.3432393968105316
-0.37261340022087097,-0.8188047409057617,0.02301916480064392,0.3970315754413605,0.39739593863487244
0.15449419617652893,0.16491590440273285,0.9681121706962585,0.5835937857627869,1.43907630443573
-1.354498028755188,-1.3630398511886597,-1.100845456123352,-0.318564236164093,-0.8986064791679382
0.4452644884586334,0.7065807580947876,0.49929800629615784,-0.6738907098770142,-0.5368325710296631
0.24643616378307343,-0.4865495562553406,-0.4837622344493866,0.8716908693313599,-0.4591953754425049
0.20444627106189728,-1.3058327436447144,-0.40709373354911804,0.3897733688354492,0.4460815489292145
0.059093646705150604,0.8218928575515747,0.61283940076828,-1.528970718383789,-0.11638037115335464
2.465343475341797,-0.6808041930198669,-0.4692566692829132,1.242661952972412,-0.3073154091835022
-0.21399904787540436,1.072619080543518,0.6879144310951233,0.14874717593193054,1.1131757497787476

Slice 14
0.9106652140617371,0.12218894064426422,-0.7560142278671265,1.2815297842025757,0.6595585942268372
-0.2910562753677368,0.5935773849487305,1.3565187454223633,0.8823002576828003,-0.1026175394654274
1.0155130624771118,0.3565402328968048,1.0187422037124634,-0.23328380286693573,0.001521935686469078
0.5366643071174622,-1.0708738565444946,-1.6293973922729492,0.42494842410087585,0.8431640863418579
-0.0933956429362297,0.8266801834106445,1.6299189329147339,-0.26725178956985474,0.16239033639431
-0.7170745730400085,-0.6786920428276062,-0.9883018732070923,-1.4636739492416382,-1.0683934688568115
-1.0577772855758667,-1.6133267879486084,-0.864463746547699,-0.2652755677700043,-0.913603663444519
0.4367024004459381,-0.17450961470603943,-1.6354583501815796,-0.1121332123875618,1.0728915929794312
-0.11823045462369919,0.42012742161750793,1.2889549732208252,0.5247780084609985,-0.6760720014572144
-0.0670173168182373,-0.3827974200248718,-0.773469090461731,1.0632617473602295,-0.16900897026062012

Slice 15
0.4226880967617035,1.6540690660476685,-1.248267412185669,-0.1377783715724945,-1.4925689697265625
0.01785007119178772,1.0934433937072754,-0.12435264885425568,0.3545292913913727,-0.006211392115801573
-0.2194390594959259,-0.5241283178329468,-0.1754915714263916,-0.5234128832817078,-0.45801782608032227
0.7528252601623535,0.2665485739707947,-0.23739486932754517,0.11457440257072449,-0.2638937532901764
-0.8559430241584778,0.09279054403305054,0.06333883106708527,-0.2970600724220276,0.4112432301044464
-0.3485983908176422,-1.2683838605880737,-0.13564038276672363,-0.3595506548881531,-0.14356102049350739
0.7358410954475403,0.4185839891433716,-0.8131735324859619,-0.003266537096351385,-0.7598572373390198
0.39815372228622437,0.5024638772010803,-0.2572804093360901,0.4702724814414978,-0.49481672048568726
1.0510423183441162,-0.13968896865844727,0.03223460912704468,-0.06807171553373337,-0.13321919739246368
-0.45375096797943115,-0.1814139038324356,0.34238970279693604,0.38532108068466187,0.9863201975822449

Slice 16
-0.4584750533103943,-0.6896571516990662,-0.6447886228561401,-2.1763899326324463,-0.7222946286201477
0.146452859044075,-0.2898593842983246,-0.13254065811634064,0.4435272216796875,-0.017070531845092773
-0.2905397415161133,-0.9833825826644897,-1.3722116947174072,-0.25440600514411926,-0.06821947544813156
-1.2562345266342163,-0.9986703395843506,-0.9234669208526611,0.3555282950401306,-0.8829526901245117
-0.06141136214137077,-1.022688865661621,-0.5464412569999695,-1.282087802886963,-0.5889195203781128
-0.08072604984045029,-0.9422429203987122,-1.1978105306625366,0.9694086909294128,0.04189649224281311
-1.3176183700561523,0.17009063065052032,0.04447617009282112,1.4711021184921265,-0.5143420100212097
0.37616968154907227,1.8087166547775269,1.879717469215393,0.4009203016757965,0.4247431755065918
-0.5428523421287537,1.7883514165878296,2.017307758331299,-0.3772638142108917,-0.5542459487915039
1.4936164617538452,0.10807517170906067,0.37377819418907166,-0.7060104608535767,0.7906421422958374

Slice 17
-0.7296009063720703,0.30944591760635376,0.08640962839126587,-0.3976997137069702,-0.41508036851882935
-0.6627004742622375,-0.013068504631519318,-0.3768261671066284,0.2728166878223419,-0.16350406408309937
1.6063010692596436,0.5551707148551941,0.5405377149581909,1.1396008729934692,0.9101639986038208
-0.4829927086830139,-0.34582799673080444,1.1012588739395142,1.1816985607147217,-0.4488811492919922
0.02835089899599552,0.9060751795768738,0.16276593506336212,-0.11541201174259186,1.101730227470398
-0.2842123806476593,0.32279136776924133,-0.6161285042762756,0.28134024143218994,0.3224955201148987
0.970130980014801,-0.0983472689986229,0.04420601949095726,0.2928500175476074,0.7125402092933655
0.16124610602855682,-0.33318376541137695,0.6614648103713989,0.6754122376441956,0.0364663228392601
0.13113784790039062,0.9387636780738831,-0.1335664987564087,-0.526736855506897,0.9966864585876465
-0.4429755210876465,0.18230116367340088,0.25003063678741455,0.3477964401245117,-0.08560779690742493

Slice 18
1.3035491704940796,-0.2700865864753723,0.8991520404815674,0.09628157317638397,-0.9102364778518677
0.6196041107177734,-0.5132318139076233,-0.2263190895318985,-0.01912708394229412,0.03730732202529907
0.02382456511259079,-1.1452447175979614,-0.39897313714027405,-0.6450145244598389,0.1422674059867859
-0.6198311448097229,0.4909847378730774,-0.3820435702800751,0.2781178951263428,0.681087076663971
-0.7159509658813477,-0.36787596344947815,-0.9639890193939209,-0.6717534065246582,0.024064963683485985
0.9697307348251343,0.8588141202926636,1.30764901638031,0.6637634038925171,-0.41299712657928467
-1.1796320676803589,-0.8016812801361084,-0.9010093808174133,-0.4131164848804474,-0.4072052836418152
-0.33456286787986755,0.6686729192733765,-1.0045479536056519,0.17524103820323944,-0.3489265739917755
1.3586007356643677,-0.4294328987598419,-0.06625892221927643,-0.7294171452522278,-1.0376927852630615
-1.6182663440704346,-0.48618030548095703,-0.34093034267425537,-1.13198721408844,-0.3655775785446167

Slice 19
0.22853457927703857,-0.5907747745513916,-0.01905628852546215,-0.48786666989326477,-0.6783672571182251
-1.031029224395752,-0.5224872827529907,-0.6953142881393433,0.8371078372001648,-0.4213405251502991
-0.2591584026813507,0.007018127478659153,-0.45801758766174316,1.7398805618286133,-0.27799564599990845
-0.27280762791633606,-0.6319429278373718,-0.4791656732559204,1.223293423652649,-0.6863886117935181
-0.2611304223537445,-0.05857169255614281,-0.6620775461196899,0.6905799508094788,0.10911974310874939
-0.4340474009513855,-0.5344619750976562,-0.6028080582618713,0.17839708924293518,-0.35204753279685974
-0.025054948404431343,-0.006278828717768192,-0.14619968831539154,-1.6710999011993408,-0.28249359130859375
0.6298683285713196,-0.5155193209648132,-0.011771018616855145,0.6885972023010254,-0.05829934403300285
0.6321319937705994,0.4905489385128021,-0.22474025189876556,-0.0004504291573539376,0.6566745042800903
-0.17042674124240875,-0.05342279002070427,-0.4200754761695862,1.3017070293426514,0.07215513288974762

Slice 20
-0.7209528684616089,1.4286631345748901,0.27187013626098633,0.689723551273346,-1.3702912330627441
-0.08306701481342316,0.8652531504631042,-0.5076404809951782,-0.4110526442527771,1.3490709066390991
-0.3444834351539612,0.7378376722335815,1.380807876586914,0.6725258231163025,0.5296162962913513
-0.6462839245796204,1.24422025680542,-0.800970733165741,-0.6662737727165222,0.8161075115203857
-3.327404022216797,0.207032710313797,0.05330653861165047,-0.3521074056625366,-0.02854735217988491
-0.39781877398490906,-1.0563406944274902,-0.31664276123046875,-0.1480947732925415,0.8925080895423889
-0.7751608490943909,1.4245721101760864,-1.818798303604126,-0.6057984232902527,0.07395248115062714
0.18778657913208008,-0.14424800872802734,-1.3797149658203125,-0.8795724511146545,0.6054655313491821
0.5191583633422852,0.5704768300056458,-0.5745008587837219,0.8433932662010193,-0.143388032913208
0.41395628452301025,-0.8926084041595459,-1.8990778923034668,-1.4546974897384644,-0.0016273928340524435

Slice 21
0.9960826635360718,0.586928129196167,0.510515034198761,-0.0462847538292408,-0.4073547124862671
1.3094656467437744,0.162556454539299,-0.07423517853021622,1.8697829246520996,0.4244423806667328
-1.0060813426971436,-0.7847806811332703,0.10102394968271255,-1.1486377716064453,-0.733611524105072
-1.6742154359817505,-0.6456578373908997,-0.6665292978286743,0.26688602566719055,-0.2717455327510834
-0.5052923560142517,0.5184511542320251,0.5750323534011841,-0.2206454873085022,0.375283420085907
0.018010737374424934,-0.4813387393951416,0.7447946071624756,0.6394649147987366,0.4030762016773224
0.29875776171684265,1.2665834426879883,0.5661437511444092,-0.3532089591026306,1.0917060375213623
0.38316935300827026,-0.7352321147918701,-0.6740635633468628,-1.9122833013534546,-0.06837344169616699
-0.4505227208137512,0.5694059133529663,0.17542114853858948,0.7167614102363586,-0.30611294507980347
-0.2845795750617981,-2.005640983581543,-0.5352710485458374,0.6055434346199036,0.04883193597197533

Slice 22
-2.395829439163208,-0.8701510429382324,0.4731954336166382,-1.1069010496139526,0.012003603391349316
0.09369673579931259,-0.39351728558540344,1.2507470846176147,-0.3574911952018738,-0.2780255377292633
-0.28599193692207336,-0.57893306016922,-1.6057194471359253,-0.17683245241641998,-0.36248910427093506
-0.08870510011911392,0.1679728776216507,-0.6688361763954163,-0.23653213679790497,-0.07654133439064026
-1.604055404663086,-0.8706433176994324,0.9366263151168823,-1.294346809387207,-0.9733216166496277
0.8194089531898499,0.3147304654121399,-1.0349549055099487,0.0203398410230875,-0.24644243717193604
-0.25158464908599854,0.15903960168361664,0.6829277276992798,0.445810467004776,1.1151565313339233
0.05751267820596695,0.5988162755966187,0.49091094732284546,0.18821702897548676,-0.5937050580978394
0.3309641182422638,0.022084813565015793,-0.20846451818943024,0.3380477726459503,0.7450180649757385
0.7085429430007935,0.19557560980319977,1.8386428356170654,-0.49443238973617554,-1.2732594013214111

Slice 23
-0.5371427536010742,-0.7345965504646301,-0.5964930653572083,-0.14048349857330322,-0.5405204892158508
0.5404889583587646,1.465449333190918,2.182004690170288,0.4910268485546112,-0.0730893611907959
0.07426292449235916,0.06626495718955994,-0.15030747652053833,0.0649046003818512,-0.2919628322124481
-0.386519193649292,-0.7750097513198853,0.6900062561035156,0.040014807134866714,0.3019014000892639
1.3367345333099365,1.796629548072815,0.15421335399150848,-0.8873133659362793,0.6149147152900696
0.3818921446800232,0.3278391361236572,-0.7156584858894348,0.37224245071411133,-0.19157084822654724
0.4950498938560486,0.046582598239183426,-0.8715260624885559,-0.8216474056243896,0.2502695322036743
-0.25353777408599854,-0.9178146123886108,-0.40714892745018005,-0.941814124584198,-0.8623320460319519
0.027933645993471146,0.4864293038845062,0.7684231400489807,0.3785771131515503,-0.2567078471183777
0.2212579995393753,0.3752339482307434,0.9109273552894592,1.4772107601165771,0.16452883183956146

Slice 24
-1.627227544784546,0.4924485385417938,-1.2202973365783691,-0.2837086319923401,0.38779953122138977
0.010899195447564125,0.224937304854393,-0.6938501596450806,-0.632624089717865,-0.17484939098358154
-2.5562334060668945,0.05455990880727768,-1.8855773210525513,-0.48354631662368774,0.5435172319412231
-0.9649925231933594,-1.1281630992889404,1.9566471576690674,-0.6432035565376282,-0.38363027572631836
1.2738654613494873,-0.43264040350914,0.29041293263435364,1.4532688856124878,1.076258897781372
-0.0016263994621112943,0.7818184494972229,-2.3755064010620117,-1.4865890741348267,-0.7691277861595154
1.13649582862854,0.16995534300804138,0.258783221244812,0.8685382008552551,1.7762084007263184
-0.3545466959476471,-0.9353911280632019,-0.2426915466785431,-0.9037525653839111,0.6787239909172058
0.9670081734657288,-0.5986382961273193,-0.44535917043685913,0.9309088587760925,1.2495615482330322
2.139566421508789,-0.5759247541427612,-0.9384062886238098,-0.3137005865573883,1.3463432788848877

Slice 25
-0.213761568069458,-0.3493417501449585,0.5091501474380493,-0.1312410533428192,2.462768793106079
0.46834370493888855,-0.1664629429578781,-0.8879260420799255,0.3658038377761841,-1.587300181388855
0.5570000410079956,-0.6133318543434143,0.3670140206813812,0.24771425127983093,1.439876914024353
0.7232281565666199,0.30823516845703125,0.3904629051685333,0.7144567966461182,-0.21422824263572693
-1.0349465608596802,-0.4067858159542084,-0.3860497772693634,-0.2866052985191345,-0.7488012313842773
0.0003436108527239412,-0.025215208530426025,-1.252795934677124,-0.32539108395576477,-1.3442493677139282
-1.1565653085708618,-1.2543935775756836,-0.19177140295505524,-0.27006131410598755,0.1782563030719757
0.14660583436489105,-0.11135499179363251,-0.7297599911689758,-0.4955219626426697,-1.3661742210388184
0.548163890838623,0.8607398867607117,-0.48308050632476807,-0.39899688959121704,0.2752935588359833
-0.5115057229995728,0.4989124834537506,-0.8404382467269897,-1.2650481462478638,0.2084825485944748

Slice 26
0.5159879326820374,0.03288428485393524,0.3993570804595947,0.7908541560173035,0.45535266399383545
-0.48459163308143616,0.02661840058863163,0.7474275231361389,0.06460835784673691,-0.4507240355014801
-1.2556266784667969,-0.7452579140663147,0.5520232915878296,-0.12963229417800903,-1.4134429693222046
0.6874445080757141,-1.2752256393432617,-0.6009182929992676,0.25907444953918457,0.23503582179546356
-0.007039789576083422,-0.6714315414428711,0.3897484242916107,-0.261090487241745,-0.5624358057975769
0.12264212220907211,-0.5111671090126038,0.960395336151123,0.545347273349762,-0.4412915110588074
0.13699118793010712,0.6330199241638184,0.5824362635612488,0.026006054133176804,0.09574809670448303
-0.9805939793586731,1.393065333366394,0.5478441715240479,-0.56121426820755,-0.2879307270050049
0.8026829957962036,1.1058756113052368,-0.29031625390052795,0.15206986665725708,1.080716848373413
-0.3272445797920227,-0.3513822853565216,-1.1254030466079712,-0.14997901022434235,-0.1271865963935852

Slice 27
0.8358452320098877,0.8401350378990173,0.9412771463394165,2.3163208961486816,1.2381837368011475
-0.28664517402648926,0.5508078336715698,0.46204546093940735,-0.19133616983890533,0.27707552909851074
-0.1642032265663147,0.5186371207237244,-0.29209303855895996,-0.1777302324771881,-0.05437634512782097
0.7198454737663269,0.9817335605621338,1.0893933773040771,0.5646845698356628,0.006291107274591923
0.28200826048851013,-0.00185009790584445,0.0028377030976116657,-1.0796312093734741,-1.1181528568267822
-0.5508720874786377,-0.3814225494861603,-0.7444286346435547,-0.06955835968255997,-1.014415979385376
-0.26513606309890747,-0.02443203516304493,-0.2890515923500061,-1.3340142965316772,-1.572148323059082
-0.4076637327671051,1.9715170860290527,0.3366051912307739,0.8373704552650452,0.627573549747467
0.5891076922416687,0.2052859365940094,0.19741298258304596,0.6153364181518555,1.0974024534225464
-0.12922684848308563,-0.3413721024990082,-0.11739246547222137,1.3923094272613525,0.4559268057346344

Slice 28
-1.3421443700790405,-1.7071715593338013,-0.001987435854971409,0.484329491853714,0.0490247905254364
-1.1462444067001343,-0.9101001620292664,0.2690812945365906,0.4302839934825897,0.7551692128181458
-1.3943307399749756,-1.1357243061065674,-0.2415010929107666,0.5188353657722473,-0.09763451665639877
-0.0905754342675209,-0.13505002856254578,-0.2702532708644867,1.2565805912017822,-0.1576383411884308
-1.2994751930236816,-1.1184124946594238,-0.26884135603904724,-1.2130271196365356,-0.2204168736934662
0.39485964179039,0.8694227933883667,-0.9501005411148071,-1.4410505294799805,-0.6194401979446411
1.203635811805725,1.0451419353485107,-0.8079850673675537,0.5786401629447937,-1.3043733835220337
0.18921877443790436,1.0929251909255981,0.0741063803434372,-1.7245728969573975,0.97728431224823
-0.08523450791835785,-0.9967992305755615,0.4315238893032074,0.7153078317642212,-0.16151230037212372
0.085614874958992,-0.5078538060188293,0.24171648919582367,-0.6325553059577942,-0.14099447429180145

Slice 29
1.0893211364746094,0.09232040494680405,0.29085519909858704,0.28078994154930115,0.46023887395858765
-1.6585662364959717,1.0417640209197998,-1.0240825414657593,0.21205183863639832,0.32933905720710754
-0.14980003237724304,0.21377010643482208,-0.011676648631691933,0.20021237432956696,-0.019687797874212265
0.3097161054611206,-0.27735719084739685,0.4003535509109497,-0.13803823292255402,-0.2932044267654419
0.3704458773136139,0.19626176357269287,0.1734338253736496,0.632104218006134,0.6590994000434875
-0.1126912459731102,0.3502877652645111,0.034244224429130554,-0.12088953703641891,-0.20205549895763397
0.29377976059913635,0.46594545245170593,0.9028742909431458,0.4198746681213379,0.026291098445653915
-0.09034136682748795,0.6067718863487244,0.6001326441764832,0.004662617109715939,-0.18387965857982635
-0.6104271411895752,-0.19547724723815918,0.17696869373321533,-0.32843828201293945,-0.6471797227859497
0.435562402009964,-1.389546513557434,0.43675652146339417,-0.7925115823745728,-1.1411677598953247

Slice 30
0.5596022009849548,-0.6290976405143738,0.6893183588981628,0.12670591473579407,0.019561443477869034
0.18645550310611725,0.1982215791940689,0.1714630275964737,-0.7236805558204651,-0.7817943692207336
-0.29618707299232483,-1.7387574911117554,0.2788695693016052,-0.41219282150268555,0.282606840133667
-1.240962028503418,-0.3774755597114563,0.9990970492362976,-0.8687241077423096,-1.1956418752670288
-0.6847502589225769,0.3137665092945099,2.4548842906951904,0.00038727346691302955,-0.5440453886985779
-0.6628715991973877,0.7850977182388306,0.6594876646995544,0.34274983406066895,0.21687649190425873
-0.6199755072593689,-0.555485725402832,0.8965569734573364,-0.19758494198322296,0.32678914070129395
-0.13602739572525024,0.5510441064834595,0.12969940900802612,0.17647576332092285,-0.6549113392829895
-1.3196640014648438,0.30603641271591187,0.2901580333709717,-0.43826499581336975,-0.839680552482605
-0.04593335837125778,1.0776236057281494,0.6208760738372803,-0.0849265456199646,-0.500605046749115

Slice 31
0.7065626382827759,0.2121894359588623,0.5218715071678162,0.48340144753456116,0.29168814420700073
0.06717189401388168,1.1101115942001343,0.02515663206577301,1.0182117223739624,1.3509998321533203
-0.12402097880840302,-1.1796914339065552,-1.127295732498169,-0.9321587085723877,-0.8333486914634705
-0.5245898962020874,0.5434249639511108,0.795275866985321,-0.5709428787231445,-0.715934693813324
0.6400106549263,-0.0863569974899292,1.101265788078308,0.3334215581417084,0.024131616577506065
-0.1226421594619751,-0.06363751739263535,-0.45006677508354187,0.2801966071128845,0.37162649631500244
-0.4347350001335144,0.3121018707752228,-0.7152612209320068,-0.3733104467391968,-0.7643187046051025
0.372053325176239,0.8414785861968994,0.01386084221303463,-0.2926751375198364,-0.8646844029426575
0.04932737722992897,0.7146422863006592,0.47186747193336487,0.3855454921722412,0.22236761450767517
-0.7466574311256409,-1.1127523183822632,-0.5722218751907349,-0.03756466880440712,0.4296228289604187

Slice 32
0.8362675905227661,-0.13842864334583282,0.04101427271962166,0.46823590993881226,-0.053065381944179535
1.5551304817199707,-0.14480479061603546,0.9484809041023254,0.44074803590774536,0.07154900580644608
-0.7746146321296692,-0.30696457624435425,0.21275484561920166,0.9661503434181213,-0.8350844979286194
-0.8561273217201233,0.5178669691085815,-0.09177502244710922,0.6464487910270691,-0.23038744926452637
0.6634734272956848,-0.17419855296611786,0.3139427900314331,0.09558875858783722,0.18017208576202393
0.3880212604999542,1.4614628553390503,-1.7964212894439697,-1.3425740003585815,0.6597965359687805
-0.44135338068008423,1.1449458599090576,-0.7553004622459412,0.16375209391117096,0.7232953310012817
-0.6498605012893677,-0.6817165613174438,0.394751638174057,0.4105682075023651,-0.4380606710910797
-0.4372183680534363,0.22268792986869812,-0.3597465455532074,0.43114998936653137,0.23125521838665009
0.8182657361030579,1.0516564846038818,0.1164192408323288,-1.0169817209243774,0.9540600180625916

Slice 33
0.11642682552337646,0.9634180068969727,-0.15670150518417358,0.9158971309661865,-0.48224472999572754
-0.37142589688301086,-0.47107434272766113,-0.3301979899406433,0.29355955123901367,-0.7801841497421265
-0.9818649888038635,1.4015233516693115,0.44933176040649414,0.24251164495944977,-0.23967601358890533
-0.5050493478775024,-1.3710925579071045,-0.853617787361145,-0.5466160178184509,-0.8562009334564209
-0.19061049818992615,0.377970427274704,-0.8130314946174622,-1.80347740650177,-0.5533496737480164
0.4180094599723816,1.50271475315094,0.16442769765853882,-1.1161656379699707,1.3466063737869263
0.4367246925830841,-0.17154085636138916,0.5066168904304504,-0.07433991879224777,1.275503158569336
-0.3368299603462219,1.7240097522735596,0.2668111026287079,-0.4578636586666107,-0.7335506677627563
0.19153398275375366,1.2300913333892822,0.6765899062156677,-0.22591839730739594,0.2934753894805908
0.3588164150714874,0.09735487401485443,0.3416227400302887,1.5412161350250244,0.858773946762085

Slice 34
-0.29876649379730225,1.792222261428833,1.279174566268921,0.13015970587730408,1.0155047178268433
-0.8892167806625366,-0.5801643133163452,0.523968517780304,-0.7920668125152588,0.4625024199485779
0.6255524754524231,0.35565099120140076,-0.20857028663158417,0.4692384898662567,0.7288446426391602
1.8916573524475098,1.5617867708206177,0.583662748336792,0.8023720383644104,1.1767926216125488
-0.2227369248867035,1.328379511833191,-0.189490407705307,-1.183937430381775,1.3187272548675537
0.8791698813438416,0.03986629471182823,-0.34721896052360535,0.7014232873916626,-1.255286455154419
-0.6958023309707642,0.1325298398733139,0.8898255228996277,0.20391814410686493,0.9964967370033264
0.011057574301958084,0.9644913673400879,0.6386526226997375,0.020436914637684822,1.9867104291915894
-0.22948944568634033,-0.7335314750671387,-0.22809916734695435,-0.6014804244041443,0.6802347302436829
0.6247952580451965,-0.4975088834762573,-1.157089352607727,0.5017328262329102,-1.4721788167953491

Slice 35
-0.8989726305007935,0.08782956004142761,0.5329746603965759,0.6218327283859253,-0.07495985925197601
0.14274337887763977,-0.3702017664909363,1.2299644947052002,0.05881557613611221,-0.4136815369129181
1.1217377185821533,-0.13199275732040405,0.9302071332931519,-0.7927999496459961,-0.832743227481842
1.5313085317611694,-0.32162413001060486,0.7751724123954773,-1.5102617740631104,-0.3572743535041809
-0.6783297061920166,0.0892871618270874,-1.0930285453796387,-1.1857409477233887,-0.4573203921318054
-0.6998620629310608,-0.5065276622772217,-1.6952039003372192,-0.23312190175056458,-0.4518277049064636
-0.8151183724403381,0.18848176300525665,-1.2379238605499268,-0.8371243476867676,0.22640791535377502
-0.7218345999717712,1.0571309328079224,0.1374555081129074,-0.27673929929733276,0.19217510521411896
0.752227783203125,0.11828131973743439,0.548925518989563,0.8208757042884827,0.12854385375976562
1.1251238584518433,-1.5289117097854614,1.1294265985488892,-0.5191382169723511,-0.5115031599998474

Slice 36
1.22185480594635,0.6453342437744141,-0.10473667830228806,2.1307971477508545,1.8626384735107422
0.8927668929100037,0.24851983785629272,-0.10240396112203598,0.4669266939163208,0.42711836099624634
-0.1436728686094284,0.4275561571121216,0.9753822088241577,-0.24683025479316711,-0.3309197723865509
0.3068941533565521,-0.2117605209350586,0.5006670951843262,-0.26421216130256653,0.02319604717195034
0.3869784474372864,-1.0805823802947998,-1.4155043363571167,0.3127615749835968,0.24964451789855957
0.4914281666278839,-0.02148870937526226,-0.33764198422431946,0.6933016777038574,0.5200048685073853
0.8136776685714722,0.3048345148563385,0.041587091982364655,0.5381927490234375,0.8333515524864197
0.1414068341255188,-0.10088680684566498,0.12462707608938217,0.39869990944862366,0.1365399956703186
-0.5446473956108093,0.8008878231048584,0.147068053483963,0.1116289272904396,-0.06699836254119873
0.2168537825345993,-1.7158209085464478,-1.9738659858703613,0.09950555860996246,0.20261749625205994

Slice 37
0.9441218972206116,0.8298612236976624,0.2881511151790619,-0.30622297525405884,-0.406546413898468
1.3963696956634521,0.49910855293273926,0.667290449142456,0.9835275411605835,1.0128989219665527
-1.3413112163543701,0.5078922510147095,0.41282588243484497,1.010762333869934,1.2581799030303955
-1.2118114233016968,1.0398683547973633,-0.4671453833580017,0.5146434903144836,0.2772497236728668
-0.41635140776634216,0.07869510352611542,0.007940422743558884,-1.204230546951294,-0.622493326663971
-1.7330095767974854,0.4536673426628113,-0.3013593554496765,-1.3666845560073853,-1.1583999395370483
0.21804770827293396,1.2728805541992188,-0.9385896325111389,0.42065662145614624,0.061132609844207764
-0.6332424879074097,-0.9055758714675903,-1.2514292001724243,0.8031800389289856,0.876591145992279
0.014527765102684498,-0.6623572707176208,1.4251842498779297,-0.8722288608551025,-0.19466963410377502
0.7391785383224487,-0.7980169653892517,0.47479248046875,-0.5448586344718933,-0.626891016960144

Slice 38
-0.6566049456596375,-0.31205445528030396,-0.04297317937016487,0.15903881192207336,-0.8695438504219055
-0.7447722554206848,-0.8726745247840881,0.3965451419353485,-0.3318735957145691,-1.388802409172058
-0.10524703562259674,0.03606276959180832,0.7925518155097961,0.6160345673561096,0.904800295829773
-1.511574387550354,-0.6299669146537781,-1.2694286108016968,-0.7150294184684753,-0.7868197560310364
-0.8910270929336548,-0.7799599170684814,0.022814687341451645,-0.4613212049007416,0.6948801279067993
0.6390485167503357,0.5499969720840454,-0.12866106629371643,-0.47332462668418884,-0.4881683588027954
0.5663240551948547,-0.17308807373046875,1.534400224685669,1.1067131757736206,0.25829580426216125
0.44312408566474915,-0.746356189250946,-1.1522877216339111,-0.6682692170143127,0.15193447470664978
0.2073858082294464,-0.034146748483181,-0.75191330909729,-0.4667392075061798,-0.030134202912449837
0.37326905131340027,-0.057787150144577026,0.601862907409668,0.22458653151988983,-0.5394209027290344

Slice 39
-1.086438775062561,-0.7879645824432373,-0.037852898240089417,0.11791424453258514,-0.6244651079177856
-1.1982570886611938,0.6604902148246765,-0.00553258927538991,1.0235165357589722,0.614959716796875
-0.39226654171943665,0.011284525506198406,0.35556429624557495,0.6072223782539368,-0.5858322978019714
-2.043311595916748,-0.9832751750946045,-1.4946850538253784,-1.6492066383361816,-0.6482968330383301
-1.3666232824325562,-0.4350689947605133,-1.11298406124115,-1.4127888679504395,-0.19164061546325684
-0.7722095847129822,-0.9224921464920044,-0.289811909198761,-0.4152986407279968,-0.502014696598053
-0.49310266971588135,1.2667618989944458,0.33911147713661194,0.6461503505706787,0.06086293235421181
-0.2845318615436554,-1.0999330282211304,-0.22126810252666473,-1.0940816402435303,-0.8520939946174622
0.5535112619400024,-0.1064247265458107,-0.5279377698898315,-0.7775738835334778,0.8150791525840759
-0.42043161392211914,0.42136117815971375,0.5075772404670715,-0.21786300837993622,-0.34517377614974976

Slice 40
0.8352750539779663,0.6667793989181519,0.4539298117160797,0.0848374143242836,-0.7117596864700317
0.647616446018219,-1.858018398284912,1.298956274986267,-0.39490005373954773,-0.5486840009689331
0.5331608653068542,0.6766674518585205,0.410885751247406,-0.09757938981056213,0.7399978637695312
-1.4253180027008057,-0.428666889667511,-0.4143608808517456,-0.03204989433288574,1.0950621366500854
-0.5008399486541748,0.7847369909286499,0.3233201205730438,0.5125395655632019,1.2914631366729736
-1.60586678981781,-1.0070130825042725,-0.5501461625099182,-0.07505340874195099,0.5925264954566956
-1.6290478706359863,0.932909369468689,-0.5993521213531494,-0.6194797158241272,0.29051461815834045
-0.6828445792198181,2.074068069458008,-0.6962615251541138,-1.2700437307357788,-1.7800077199935913
-1.518947958946228,-0.19383977353572845,-0.7494965195655823,-0.6514775156974792,-1.087875247001648
-1.1730624437332153,-0.3931787610054016,-0.18064405024051666,0.44133880734443665,0.7665984034538269

Slice 41
-0.06556478887796402,-0.5434563755989075,-1.0325390100479126,0.038790494203567505,0.7204723954200745
1.4436572790145874,-1.398180365562439,0.9630857706069946,0.6311832070350647,0.05673688277602196
-0.8069045543670654,0.9703176021575928,-0.7216631770133972,0.3773621916770935,0.909129798412323
0.4321616590023041,-1.3733752965927124,0.11751209199428558,0.3687744736671448,0.00923012476414442
1.054883360862732,-2.073155403137207,-1.112139344215393,-1.4144829511642456,-1.14572012424469
-1.034374475479126,1.1125231981277466,0.32743197679519653,-0.2801259756088257,0.1659023016691208
0.32510271668434143,-0.6615791916847229,1.3048826456069946,0.5721903443336487,0.5315253138542175
-0.9166767001152039,-0.5332728028297424,-0.14227265119552612,0.1699286699295044,-0.15248987078666687
-0.055320147424936295,-0.22571291029453278,0.37438124418258667,-0.7408275008201599,-1.1033456325531006
0.9268785715103149,0.918976902961731,-0.5556536912918091,0.12347277998924255,0.7402753829956055

Slice 42
-1.0212239027023315,0.3169027268886566,0.08302334696054459,-0.2146993726491928,0.5135525465011597
0.5297999382019043,-1.4967868328094482,-0.06630551815032959,0.11098410189151764,-1.6326748132705688
1.1504918336868286,0.7153807878494263,-0.18337592482566833,1.6637235879898071,-0.15048235654830933
-0.2878592312335968,0.6507202386856079,-0.6866384744644165,0.4084719121456146,0.7284095883369446
1.0231432914733887,1.1231688261032104,0.550902783870697,1.097879409790039,0.1758730262517929
-0.4816417396068573,0.9585238099098206,1.0422369241714478,-0.07631709426641464,-0.4196550250053406
0.7358605265617371,0.17132745683193207,0.5072794556617737,1.2291202545166016,1.8044358491897583
0.8128555417060852,-0.5759657621383667,0.22505225241184235,0.38509008288383484,-0.6175940036773682
0.7517099976539612,1.1054668426513672,-0.36944693326950073,-0.1498262584209442,1.2166868448257446
-0.4067370593547821,-0.5239868760108948,0.15482163429260254,-0.6530502438545227,0.16843566298484802

Slice 43
-1.5203391313552856,-1.557022213935852,-0.6004594564437866,0.4069758653640747,0.8694979548454285
0.34428974986076355,1.1865001916885376,-0.01166872214525938,0.14235922694206238,0.11106182634830475
-0.4233204126358032,-0.08917036652565002,0.38479751348495483,-0.26814004778862,0.4254544973373413
-0.2629817724227905,0.40072348713874817,0.4196943938732147,0.1175881177186966,-0.5923728346824646
0.3968569040298462,0.3992609679698944,-0.21273115277290344,0.7465352416038513,0.7042571306228638
-0.06514056026935577,0.22000329196453094,0.20693178474903107,0.23152504861354828,1.6097193956375122
0.7627259492874146,0.178715780377388,0.8687470555305481,0.7072991132736206,0.25127848982810974
0.6840572357177734,0.4050424098968506,-1.2658418416976929,0.47383323311805725,-0.3410681188106537
1.01718008518219,0.8382169008255005,-0.48040634393692017,0.18891280889511108,-0.8628872632980347
-0.5166664719581604,-0.2513088583946228,0.030275702476501465,0.21501494944095612,1.230973720550537

Slice 44
0.14890949428081512,-0.9071016907691956,-0.40182265639305115,0.5439947843551636,0.533446729183197
-0.20838728547096252,0.2501756250858307,-0.7225527763366699,0.44817060232162476,-0.32477107644081116
1.519494652748108,-0.10391252487897873,0.9000007510185242,-0.24310334026813507,-0.12082509696483612
0.6553271412849426,-0.878913164138794,0.2006547600030899,0.07145374268293381,-0.6338409185409546
1.2497960329055786,0.3921380341053009,1.8992477655410767,-0.03762408345937729,-1.0809870958328247
-1.201886773109436,0.9532625079154968,0.9437036514282227,0.015371509827673435,1.4473106861114502
0.5477064251899719,-1.4306905269622803,0.4074271023273468,-0.2300223410129547,0.34749194979667664
0.5070912837982178,-0.9601274728775024,0.8320298194885254,-0.7069374322891235,-0.5365002155303955
-0.4258957803249359,0.6518355011940002,0.9267531633377075,-0.20113547146320343,-1.350433349609375
-1.328102946281433,0.25979918241500854,-1.1709750890731812,0.461082398891449,-1.0178115367889404

Slice 45
0.6113543510437012,-0.14237971603870392,1.0499228239059448,-1.6459962129592896,-0.5997997522354126
-0.2724805474281311,-0.4368215501308441,0.5968238711357117,0.6542800664901733,-1.5464599132537842
-0.6711006164550781,0.4706428050994873,-0.8867872357368469,0.0788080245256424,0.5482329726219177
-0.04405719414353371,-0.8352490067481995,0.5436152815818787,-0.7608341574668884,-1.1571787595748901
0.18527762591838837,-0.7557894587516785,0.056239672005176544,0.6806508898735046,-0.025441505014896393
-1.5954886674880981,0.2888650894165039,-1.0312052965164185,0.9105902314186096,0.12761634588241577
-1.4244532585144043,-0.950462818145752,-1.3710875511169434,0.17226597666740417,0.14748165011405945
-0.5241312384605408,1.5306085348129272,-0.4240003526210785,-0.20978499948978424,-0.8021609783172607
-0.26964715123176575,0.5265035033226013,-0.10141142457723618,-0.4976673126220703,-0.2046540230512619
0.6828044056892395,1.7365437746047974,0.5302131772041321,-0.4643869996070862,-0.08490578085184097

Slice 46
0.6882739663124084,-0.6766535043716431,-0.37406420707702637,0.11073407530784607,-0.044240910559892654
-0.7098102569580078,-0.4174557328224182,-0.5979503989219666,0.16163387894630432,-0.32251518964767456
0.4047629237174988,0.8530564308166504,1.5774579048156738,0.32362040877342224,0.5266934633255005
-0.9185639023780823,0.5808065533638,-1.2208309173583984,0.5602017641067505,0.11133868992328644
-1.144396185874939,0.13580963015556335,-2.2726075649261475,0.3759400546550751,-0.4200778007507324
0.24039289355278015,0.34305208921432495,1.442405343055725,0.00720256008207798,0.6061060428619385
0.7807707786560059,0.36007678508758545,0.46157094836235046,1.288905143737793,0.8353058695793152
0.35030922293663025,-0.45355620980262756,0.028471607714891434,0.9214694499969482,0.2837514281272888
-0.6558179259300232,0.4161016345024109,-0.8771651387214661,-0.22717595100402832,0.06636829674243927
0.0530504547059536,1.0849241018295288,-0.3042762279510498,0.37228167057037354,0.23281635344028473

Slice 47
-0.26682421565055847,-0.9949938654899597,-0.6943458914756775,-0.22932401299476624,-0.5168803930282593
0.6421884894371033,-0.6237051486968994,0.2048303633928299,0.01023951917886734,-0.09837833791971207
0.5494232773780823,-1.7658607959747314,-0.01875533163547516,-0.776383638381958,-0.5904967784881592
-1.1758655309677124,-0.3397911787033081,0.22149640321731567,-0.3765464425086975,-0.2455165833234787
-1.4004907608032227,0.11950797587633133,0.02591530792415142,-0.12424608319997787,-0.21946199238300323
-0.7481040358543396,0.12057212740182877,-0.3485841751098633,-0.1528155356645584,-0.3951015770435333
0.06729569286108017,-0.10082273185253143,-2.6926586627960205,-0.19727939367294312,0.34044745564460754
0.29707053303718567,0.2948366403579712,0.6452606320381165,-0.08032970130443573,-0.6508336067199707
-1.1102296113967896,1.0442570447921753,0.6636291146278381,0.4434124231338501,0.8298752307891846
0.42295292019844055,-0.6179220080375671,-0.8953440189361572,-0.1152200773358345,-0.39575910568237305

Slice 48
-0.8209540843963623,-1.3732445240020752,-0.40551599860191345,0.8883297443389893,0.2172255963087082
0.9993042945861816,-0.46611011028289795,0.42104431986808777,1.446834683418274,0.4239051342010498
-1.8300487995147705,-1.0565942525863647,-0.9104012846946716,0.7617613673210144,1.6475623846054077
0.7577165365219116,0.24165768921375275,0.30099719762802124,-0.8024052381515503,-0.7253713607788086
0.6245860457420349,-0.5320309996604919,0.1876012682914734,-0.7405725717544556,0.3610427677631378
-1.6246163845062256,0.1815931499004364,-1.4087718725204468,-1.8236703872680664,-0.17160238325595856
-1.7818665504455566,-1.3290164470672607,-1.148511528968811,1.366789698600769,0.8361073136329651
0.6843167543411255,1.539880633354187,1.2769747972488403,0.022244703024625778,-0.1994217187166214
0.10245425254106522,-0.05324958637356758,0.7740440368652344,-0.7393568754196167,1.0817509889602661
-0.18957845866680145,-1.843741774559021,-0.7357438802719116,0.3941415250301361,-0.49807998538017273

Slice 49
-0.9160252809524536,-0.7138985395431519,0.3562734127044678,-0.6820102334022522,-1.6954039335250854
0.7643441557884216,0.3964647054672241,-0.640358030796051,0.36781981587409973,-1.100548267364502
-0.36563214659690857,-1.2832149267196655,-1.7393388748168945,-1.1770217418670654,-0.012745807878673077
-0.10911699384450912,0.17686018347740173,-1.070757269859314,0.5905486345291138,0.16331394016742706
0.10064134001731873,0.6252400875091553,0.7633082866668701,1.0190198421478271,-1.0921944379806519
-0.6218158006668091,-1.7633137702941895,0.6746904850006104,0.2937232553958893,1.9695463180541992
-0.8932703733444214,-1.0170170068740845,0.4016512334346771,-0.8478891849517822,0.028216229751706123
0.9590132236480713,0.8301219344139099,0.6686156392097473,0.11754151433706284,-2.0808281898498535
1.279391884803772,-0.11655347049236298,0.4652624726295471,1.0178111791610718,-0.4423768222332001
1.1894489526748657,2.2914745807647705,0.7424591779708862,1.308577537536621,0.06736427545547485

Slice 50
-0.8021620512008667,1.1135127544403076,0.0629999041557312,-0.2006988227367401,0.31883442401885986
1.248813271522522,-0.2891044020652771,-0.40441203117370605,1.2254955768585205,0.1435837596654892
1.0626254081726074,0.03725309297442436,2.687089204788208,0.8176822066307068,0.4253363609313965
1.573580265045166,2.362440824508667,0.8209629654884338,1.3063286542892456,1.7404353618621826
-0.6262824535369873,-0.02720852755010128,-0.700190007686615,-0.241495743393898,-0.7734165787696838
-0.308179646730423,0.7722877264022827,-1.0832200050354004,-0.1406739354133606,0.34302425384521484
-1.334877848625183,-0.733216404914856,-0.5775850415229797,-1.5946224927902222,-0.534546971321106
1.3822795152664185,0.3374158442020416,2.0969290733337402,0.6368454694747925,0.39355191588401794
2.198923110961914,-0.7685070633888245,-0.19182556867599487,1.6357033252716064,0.8644205331802368
0.3289933502674103,0.9579724669456482,0.42238593101501465,0.2948988974094391,0.018898284062743187

Slice 51
-1.530444622039795,0.8537177443504333,0.26606178283691406,-0.8181838989257812,0.6126812100410461
0.1796570122241974,-0.8006619811058044,-0.11605875194072723,0.5297411680221558,-0.05147416144609451
0.5214890837669373,-1.4530586004257202,0.24416081607341766,-0.24966935813426971,-0.9551838636398315
0.36065369844436646,-1.8336926698684692,0.9667865037918091,-0.808241069316864,-0.9499920606613159
-1.242954134941101,0.1885131448507309,-0.06531109660863876,0.6397314667701721,0.41101402044296265
0.11185237020254135,-1.0692802667617798,0.09703725576400757,-0.8468790650367737,-0.31677913665771484
-2.5837581157684326,0.40769580006599426,-1.6639118194580078,0.17602813243865967,-0.07654646784067154
-1.6505537033081055,0.5747324824333191,-0.17658200860023499,-0.6567660570144653,0.3909773528575897
0.1557825356721878,-0.14622515439987183,-1.0275744199752808,-1.1439820528030396,-0.1087392196059227
0.6748356819152832,0.972635805606842,0.8516985774040222,-0.011500433087348938,0.5870715379714966

Slice 52
0.6674758791923523,0.4330604374408722,-0.20103135704994202,-0.41074520349502563,0.7009477019309998
0.13229480385780334,0.1881299912929535,-0.2860247790813446,-0.29373788833618164,-0.19707272946834564
0.14517460763454437,0.30000510811805725,-0.17624975740909576,-0.3582117259502411,0.9836020469665527
-0.34900885820388794,0.14372292160987854,0.30086714029312134,-0.17364142835140228,0.15210780501365662
-0.5789543986320496,0.2603440582752228,0.17765188217163086,0.24210652709007263,-0.08555729687213898
0.36148327589035034,-0.26110491156578064,-0.1694248914718628,0.30300211906433105,0.5521078109741211
0.8949272632598877,-0.47210803627967834,0.4067220389842987,0.8023242354393005,0.1806311011314392
-0.26266908645629883,-1.5449728965759277,0.13246724009513855,-0.0906686931848526,-1.479454517364502
-0.38499537110328674,2.5217063426971436,1.1567013263702393,0.752147376537323,0.589584231376648
0.6977081298828125,-1.691677212715149,-1.4081262350082397,-0.17284977436065674,0.21322713792324066

Slice 53
1.0204989910125732,0.37479960918426514,-0.3647027611732483,0.16262474656105042,0.644524872303009
-0.21432408690452576,-1.006483793258667,-0.021442066878080368,-0.08730833232402802,-0.07300259917974472
-0.27782806754112244,0.6071045994758606,-0.07072622328996658,-0.7280412316322327,-1.882317304611206
-0.26945796608924866,-1.0946087837219238,0.7750531435012817,1.367524266242981,2.5847580432891846
-0.9556764364242554,0.733342170715332,1.335440993309021,0.5083191394805908,-0.606654703617096
1.6200865507125854,-0.14487381279468536,-0.41581764817237854,-0.5498420000076294,-1.252485752105713
0.09087973088026047,-0.7117137312889099,0.11657305061817169,0.4313521981239319,1.3810349702835083
0.7308192253112793,-1.0443764925003052,-0.6985399723052979,-0.3836352527141571,0.4849119484424591
0.5273755788803101,0.9893776178359985,0.3526688516139984,0.14816980063915253,-0.9064979553222656
1.1079696416854858,-0.06365405768156052,0.28899094462394714,0.8122199773788452,1.5421464443206787

Slice 54
-0.9196594953536987,0.06175759807229042,-0.21734552085399628,-0.22806596755981445,-2.126828908920288
-0.5155086517333984,1.4897024631500244,0.16770167648792267,0.6487343907356262,-0.13129375874996185
-0.20219989120960236,-0.6720102429389954,0.3380937874317169,-0.0006708812434226274,-1.0239933729171753
-1.8941586017608643,-0.9072288870811462,-1.168315052986145,-1.0823488235473633,0.02972162328660488
0.34690070152282715,1.4045833349227905,1.0689749717712402,0.41042712330818176,1.0287399291992188
-0.033821575343608856,0.04460310935974121,1.031633734703064,-0.4883444309234619,-1.304255723953247
-0.9966460466384888,-0.23593996465206146,-0.07132090628147125,-0.4840644299983978,0.5431716442108154
0.07551215589046478,0.7390339374542236,-0.17810441553592682,-1.3623027801513672,-0.15141959488391876
-1.3132753372192383,-0.17752975225448608,-0.15383686125278473,0.01863742060959339,0.3735286593437195
-1.4770722389221191,2.329591989517212,0.3582001030445099,1.924802303314209,0.4569767713546753

Slice 55
-0.27584123611450195,-0.03140328824520111,0.02372509054839611,2.0913095474243164,1.3995696306228638
-0.7241831421852112,0.7780950665473938,0.23627318441867828,-0.6190305352210999,-0.5206725597381592
-1.0415935516357422,0.7158635854721069,0.18717403709888458,-0.18538792431354523,1.3084464073181152
0.5263767242431641,0.4983970820903778,-0.3352026641368866,1.4967151880264282,0.8596541881561279
-2.030545234680176,0.7343078255653381,-2.257718563079834,0.01921444572508335,-0.6934425234794617
-0.2801402509212494,2.059709310531616,-1.2019691467285156,-0.5700628161430359,-0.550135612487793
0.5779779553413391,0.663874089717865,0.6037015318870544,0.09329879283905029,0.9973098039627075
-0.7214500904083252,-0.496953547000885,1.0943796634674072,1.1448508501052856,0.15294304490089417
-0.907906711101532,1.2549563646316528,-0.5368850827217102,0.855517566204071,-0.2579970061779022
-0.16316400468349457,-0.054340749979019165,-0.14920705556869507,-1.1860694885253906,-1.4666393995285034

Slice 56
-0.11234311759471893,-0.6529324054718018,0.8931492567062378,-0.45901286602020264,0.2765166163444519
1.3589153289794922,-1.2339178323745728,0.5114482641220093,-1.1283156871795654,0.7773903012275696
0.9192838072776794,-0.28025609254837036,0.16276852786540985,-0.1365581899881363,-0.8376001715660095
1.19980788230896,-0.1310727447271347,-1.070523738861084,-1.1786000728607178,-0.015529286116361618
1.285627007484436,-0.5511389970779419,-0.8175177574157715,-0.7513458132743835,0.3824230134487152
-1.5208653211593628,0.9033200144767761,0.23232686519622803,1.6953312158584595,0.1914835125207901
-1.307368278503418,0.8988059163093567,1.1287695169448853,0.48851528763771057,-0.5399541258811951
-0.603422224521637,0.2161807417869568,0.030033065006136894,-0.07360287010669708,1.6429225206375122
-1.1458425521850586,1.0291544198989868,0.16647794842720032,1.2356045246124268,-1.231987476348877
-0.6385129690170288,0.9724093675613403,-0.3327327072620392,0.8755676746368408,-1.2315871715545654

Slice 57
0.6732543110847473,0.7436141967773438,1.2928040027618408,2.0864148139953613,2.1334309577941895
0.21081559360027313,-0.8857365846633911,0.19042187929153442,0.5463505983352661,0.8515766859054565
-0.31699618697166443,-0.08111107349395752,-0.3651968240737915,-1.531148910522461,0.5179497003555298
-0.6367981433868408,-0.1453060805797577,-0.18178220093250275,0.4256938695907593,-0.6523106694221497
-1.701660394668579,0.2606065273284912,0.23122616112232208,0.37742799520492554,0.40298768877983093
-0.6260219216346741,-0.5929443836212158,-0.36742064356803894,0.15253634750843048,-0.7781633734703064
-0.8330568671226501,-0.08270794153213501,0.010535826906561852,-0.3886946141719818,0.27209436893463135
-1.7665882110595703,-1.2063510417938232,-0.8558782935142517,-1.6654670238494873,-0.6055363416671753
-1.1095466613769531,0.2986823618412018,0.07355598360300064,0.5190812349319458,-0.9646400213241577
-0.5382962822914124,-1.2896054983139038,-0.7555764317512512,-0.9488652944564819,0.37202227115631104

Slice 58
-0.052281346172094345,0.8501847982406616,-0.15592822432518005,0.448396235704422,0.12901155650615692
1.7075297832489014,0.3414985239505768,1.4165949821472168,0.5031715035438538,-0.42990803718566895
-0.7038366198539734,1.0836918354034424,-0.5082568526268005,0.005734247155487537,1.5605213642120361
-0.9844439625740051,1.5797204971313477,-0.9742664694786072,-0.41016802191734314,-0.903255045413971
0.3992536962032318,-0.7025116086006165,-0.4723661243915558,0.11152994632720947,-0.24273334443569183
0.3922252058982849,0.9557889699935913,-0.20861861109733582,0.48079541325569153,-0.5943685173988342
1.0711926221847534,0.719497799873352,0.6721466779708862,-0.12343259155750275,-0.8428723216056824
-0.40418970584869385,0.7322664856910706,0.16240976750850677,0.04880640283226967,-0.949685275554657
-1.337876319885254,-0.5309895873069763,-0.45400652289390564,-0.1978345513343811,0.06627130508422852
0.25261256098747253,-0.20220011472702026,-0.879884660243988,-0.2086469531059265,0.15562963485717773

Slice 59
-0.6937887668609619,-0.11742415279150009,-0.43150457739830017,-0.23783206939697266,0.5291553139686584
-0.9297556281089783,0.04928215593099594,-0.518708348274231,-0.03021170198917389,0.5566380620002747
-0.5717056393623352,0.6123244762420654,-0.20207765698432922,-0.05322326719760895,0.2133680135011673
-0.539177417755127,0.6657225489616394,0.0913148745894432,0.22680708765983582,-0.01766427792608738
0.14185281097888947,0.2742464244365692,0.2846285104751587,-0.2108784168958664,-1.4082741737365723
0.1698801964521408,-0.4828723669052124,-0.39557939767837524,-0.3815283179283142,-0.15206310153007507
-0.7475656867027283,-0.3430013656616211,-0.20607611536979675,-0.5821719169616699,-0.8061822056770325
-0.2564164996147156,-0.30120787024497986,0.3126566410064697,-0.34303873777389526,-1.0406630039215088
-0.8753055930137634,-0.801085889339447,-0.3987148106098175,-0.2092607468366623,-0.24982266128063202
-0.6252199411392212,0.8816555142402649,0.6365457773208618,0.491698294878006,0.27072134613990784

Slice 60
0.24429748952388763,1.257346272468567,0.8276230096817017,0.7453975081443787,0.8323142528533936
-0.009291949681937695,-0.1412964016199112,-0.44116508960723877,-0.021543536335229874,0.11835283786058426
-0.006500945892184973,1.321913242340088,1.042917013168335,1.3409003019332886,0.09055425971746445
-0.5194301605224609,-0.8086456060409546,-0.05428747087717056,-0.6023613810539246,-0.6202735304832458
-1.9201626777648926,0.7133477330207825,-0.9560641050338745,-0.0291531253606081,-1.0153366327285767
0.5079565048217773,0.39204302430152893,0.7412270307540894,0.07480472326278687,0.4310759902000427
-0.018100079149007797,0.5639585256576538,0.6735777854919434,0.7437340021133423,-0.18196219205856323
1.123435139656067,-0.0876794382929802,-0.31783327460289,0.772167444229126,1.0821858644485474
0.51813143491745,0.641699492931366,-0.17665967345237732,0.9330451488494873,0.8945420384407043
0.4322158098220825,-0.4431905150413513,0.500224232673645,-0.4856346547603607,-0.04953935742378235

Slice 61
-0.7164722681045532,0.6677491068840027,-0.09008194506168365,0.4244733452796936,1.0260850191116333
1.0225024223327637,0.8266188502311707,-0.30247625708580017,-0.009171620942652225,0.2576037645339966
1.0045313835144043,-1.5225882530212402,-0.6105200052261353,-0.5718185305595398,-0.596636176109314
2.3076212406158447,-1.619171142578125,0.3987945318222046,0.8536943197250366,0.3089439868927002
-1.168570876121521,-0.3145967125892639,0.39438098669052124,0.2304282933473587,-0.3748024106025696
0.9007257223129272,-0.8100774884223938,-0.8939120769500732,-1.0813302993774414,-0.1554383486509323
0.6679924130439758,-0.19262079894542694,0.11715187132358551,0.4071243405342102,0.6406804323196411
-0.059319477528333664,0.14157575368881226,0.5655270218849182,0.28562188148498535,-0.6755394339561462
-1.1831053495407104,-1.2536641359329224,1.2684564590454102,0.4524120092391968,-1.254202127456665
0.33128270506858826,-0.7531083226203918,-1.0374469757080078,-1.2084397077560425,-0.5480988025665283

Slice 62
-0.09833016991615295,-1.338348627090454,0.7627863883972168,-0.058912746608257294,-0.33900946378707886
-1.6838674545288086,-1.9330322742462158,-0.04294252768158913,1.0263932943344116,1.4113397598266602
-0.7087551951408386,1.0327255725860596,0.8008998036384583,0.29938647150993347,0.06849362701177597
1.289377212524414,0.657694399356842,0.8076745867729187,-0.15590423345565796,-0.0979258269071579
-1.7159345149993896,-0.549680233001709,1.0970515012741089,-1.7920842170715332,-1.112762212753296
-0.6220106482505798,-0.24378560483455658,2.4514341354370117,-0.40502282977104187,-0.8546024560928345
-0.5084050297737122,0.6111907362937927,-0.3218165338039398,1.2579001188278198,-2.0802676677703857
0.17071087658405304,0.8083999752998352,0.8716233968734741,1.4794535636901855,-0.8057920932769775
-0.9872906804084778,-1.1445907354354858,-0.4093412756919861,0.05300402641296387,0.051663078367710114
-0.18053816258907318,1.835761547088623,1.1969950199127197,-0.6919040083885193,-0.6113322377204895

Slice 63
-0.8562947511672974,1.0828825235366821,-0.24606133997440338,0.5468289852142334,0.16849498450756073
-0.22082819044589996,0.5083603858947754,0.6095085144042969,0.8439773321151733,0.3253646492958069
0.359551340341568,-1.2982856035232544,1.6136029958724976,1.3577141761779785,-0.4834273159503937
-0.4044364094734192,-0.015025016851723194,0.39237579703330994,0.8243811726570129,-0.13521447777748108
0.5721763372421265,-0.505747377872467,0.9343897700309753,0.21297065913677216,-0.3972925543785095
1.2597408294677734,-1.0192114114761353,1.854471206665039,2.0828263759613037,0.05011771246790886
-0.5221675038337708,-0.2905348539352417,-1.1951525211334229,-0.16235707700252533,-0.34043577313423157
0.48859894275665283,-0.728034257888794,0.7862704396247864,0.20225034654140472,-0.34119391441345215
0.2558063566684723,0.08107385784387589,0.41777366399765015,1.0715937614440918,0.7368409633636475
-0.6444728970527649,0.0056134182959795,-0.5129327178001404,0.9802966117858887,0.47702836990356445

Slice 64
0.06157884746789932,0.7266137003898621,-0.7247028946876526,-2.5271759033203125,-1.2337374687194824
-0.5971177816390991,1.2988001108169556,0.0016014688881114125,0.24268439412117004,-0.06009279936552048
1.1157262325286865,-0.5339877009391785,-0.6797587871551514,1.217909336090088,0.9313027858734131
0.340888649225235,-1.8967112302780151,-0.4366474151611328,-0.3796215355396271,0.7196840047836304
0.13493114709854126,-0.557545006275177,-1.4530647993087769,-1.2103122472763062,-0.03744432330131531
1.0323652029037476,-0.31859350204467773,1.5904306173324585,0.07093539834022522,0.6703163385391235
0.30838528275489807,0.10448646545410156,-0.8797608017921448,0.40672630071640015,-0.20191016793251038
0.8534991145133972,-0.30982279777526855,-0.22423644363880157,1.3971208333969116,0.4779582917690277
-0.8335931897163391,0.05372271686792374,-1.1298141479492188,-0.16573892533779144,0.48763132095336914
0.6917234063148499,0.9495294690132141,-1.1155099868774414,0.21273168921470642,-0.2845086455345154
