64 20 2

Slice 1
-1.6130914688110352,0.19232748448848724
0.028262946754693985,0.4309975504875183
-0.3299027383327484,1.0675493478775024
-1.1589285135269165,-0.7651407718658447
-0.9587463140487671,-0.6992945075035095
-0.5731897354125977,0.42768967151641846
0.037067193537950516,-0.6690864562988281
-0.8633184432983398,-0.3068157136440277
-0.19948212802410126,0.5199351906776428
-2.0137317180633545,-0.40137502551078796
0.06648854166269302,0.28385862708091736
-0.583778440952301,0.5577079057693481
1.4773547649383545,-1.1682466268539429
-0.3011646568775177,1.8641151189804077
-0.08124938607215881,-0.023738691583275795
0.7259076237678528,-0.8285485506057739
0.6780740022659302,1.0012195110321045
-0.9575464129447937,0.12967334687709808
1.6495027542114258,0.8651800751686096
-0.06928340345621109,0.7577832937240601

Slice 2
-1.7660799026489258,0.0495777502655983
-0.25196000933647156,0.6010845303535461
0.40829265117645264,-2.051460027694702
-0.8398910164833069,1.6788339614868164
0.659591555595398,-1.5486462116241455
-0.7777289152145386,-0.22987662255764008
0.04048146307468414,-0.42578041553497314
0.10117362439632416,0.3602294325828552
0.6523572206497192,0.24854865670204163
1.0928728580474854,-0.8703516721725464
0.5775803327560425,-1.1205439567565918
0.7006485462188721,0.13242211937904358
0.8933760523796082,1.3802378177642822
-2.06144642829895,-0.9028001427650452
-2.346116065979004,0.499935507774353
-0.3413395583629608,0.4360470771789551
-1.3258416652679443,-0.9830719828605652
0.8852685689926147,-0.08751942962408066
0.4051179885864258,2.6863648891448975
0.5955550074577332,0.9623605608940125

Slice 3
2.1404571533203125,1.0525908470153809
0.31863707304000854,1.456538438796997
-0.3218922019004822,0.7719763517379761
1.756885051727295,-0.05632390081882477
-0.43617916107177734,0.5804354548454285
0.4268733263015747,1.3325742483139038
-1.0840091705322266,0.9485909938812256
1.3441307544708252,1.2814974784851074
-2.1237845420837402,-0.6072417497634888
0.1724233329296112,0.09709468483924866
0.13272227346897125,-0.5854651927947998
0.2564915716648102,-1.2906211614608765
0.8920360207557678,-1.5081148147583008
-1.2658928632736206,-0.5492868423461914
-0.04572132229804993,-0.22955352067947388
-1.2892305850982666,-0.04009123146533966
-0.8554551601409912,-1.7783966064453125
-1.200254201889038,-0.8530014157295227
0.15732592344284058,0.3485287129878998
-1.4325318336486816,-0.9533997178077698

Slice 4
0.30747705698013306,-0.34847918152809143
-1.4473196268081665,-0.27397534251213074
0.053300436586141586,1.5250163078308105
-1.5826841592788696,0.5798559784889221
0.058768052607774734,-0.8585952520370483
-2.088111162185669,-0.10041391849517822
-0.24277713894844055,-1.1975148916244507
-0.12797342240810394,-0.13498252630233765
-1.126961588859558,0.14266006648540497
0.8437989950180054,0.42998021841049194
-0.19278010725975037,-0.5315494537353516
-0.8019647002220154,-0.2592270076274872
-0.33378809690475464,-0.15741199254989624
-0.6037108898162842,-0.15481756627559662
0.6266056895256042,0.22588664293289185
0.7238301634788513,0.058515481650829315
-0.09116219729185104,0.10903419554233551
-0.3399485647678375,1.278983473777771
0.42439213395118713,0.9619463086128235
-1.204701542854309,-0.6357517242431641

Slice 5
0.07209017872810364,-0.43941983580589294
-0.3848075866699219,-0.769830584526062
1.6837023496627808,-0.3803626596927643
-0.376936674118042,-0.5582638382911682
0.2606425881385803,-0.3946188688278198
0.7832925915718079,-1.2521573305130005
-0.6928206086158752,-0.5935503840446472
0.2602979838848114,0.6346849203109741
1.0563547611236572,2.4981608390808105
-0.4842252731323242,1.674947738647461
0.006668627727776766,-0.4684821367263794
0.9472365975379944,2.0209033489227295
0.9667226076126099,1.4872623682022095
0.3005489706993103,-0.9936884045600891
0.5462014079093933,0.9915509819984436
0.15437203645706177,1.2192362546920776
-0.22348909080028534,-0.7080411911010742
-0.32912591099739075,0.6788460612297058
-0.8395286202430725,-1.7852948904037476
-0.5296949148178101,-0.2145872265100479

Slice 6
0.7470510005950928,-1.0385527610778809
-0.17294485867023468,0.6962156891822815
0.9590654969215393,0.5821377038955688
-0.06080443784594536,-0.04530450701713562
0.9833378791809082,0.5802232623100281
-1.286758303642273,-0.8690279126167297
-0.24654631316661835,-0.4002734422683716
0.794818103313446,-0.6210827231407166
0.2349574714899063,-0.14953379333019257
0.29341691732406616,1.021486759185791
-0.9603725075721741,-1.396003246307373
-0.6987866163253784,0.4438215494155884
0.2127750664949417,0.9860309362411499
0.6068540215492249,0.601884663105011
0.05021543428301811,-0.687545657157898
-0.8808324337005615,0.5586053133010864
-0.7281559109687805,0.526992678642273
-0.6991121172904968,0.16324177384376526
0.9673755764961243,1.4549857378005981
0.4425997734069824,0.18196874856948853

Slice 7
-0.018543357029557228,0.4616713225841522
0.15314166247844696,0.0373225212097168
-0.4115878939628601,-0.5145713686943054
-0.649685800075531,0.18395347893238068
-0.5616575479507446,0.4205711781978607
-0.616592526435852,-0.8190093636512756
-0.48690715432167053,-0.9343939423561096
-0.09423594921827316,1.6453317403793335
-0.640533447265625,-0.05694745481014252
-0.4459867775440216,-0.4227524399757385
-1.0638916492462158,-0.6473938822746277
-0.35568541288375854,-0.269565224647522
-0.20510593056678772,-1.2693737745285034
-0.047280844300985336,-0.2598017752170563
0.19522815942764282,0.38087987899780273
0.027611248195171356,1.555831789970398
-1.132807731628418,-0.5990769267082214
0.6379706263542175,-0.4654105305671692
-0.7439612746238708,-0.04470103606581688
-0.48261401057243347,-0.6980025768280029

Slice 8
1.116936206817627,-0.03648122027516365
-0.26469165086746216,-1.5898973941802979
2.292412281036377,0.22265349328517914
-0.2310795933008194,-0.8774027824401855
-0.19289682805538177,-0.3481072783470154
0.1370561271905899,0.5719674825668335
0.19182807207107544,0.5884268879890442
0.8382869958877563,-1.3774906396865845
-1.4801907539367676,-0.11358212679624557
-0.3588840365409851,0.6787254214286804
-1.2985548973083496,-0.4984408915042877
-0.7401034832000732,-0.06447935849428177
-0.008070018142461777,0.19174842536449432
1.0267311334609985,0.43271389603614807
0.44275349378585815,-0.15875065326690674
0.9609222412109375,-0.20612096786499023
0.4457550644874573,0.19706112146377563
-1.2322003841400146,0.9498767256736755
-1.751610279083252,-0.2948361039161682
-0.4595957398414612,0.7039530873298645

Slice 9
-1.0544981956481934,0.6377770900726318
1.4198088645935059,-0.004077284596860409
0.9267740249633789,-1.6590325832366943
-0.9896197319030762,-2.5848405361175537
-0.1561592072248459,-0.8191288113594055
-0.2427610605955124,-1.9934805631637573
0.5390852093696594,-0.4397415518760681
0.7678429484367371,-0.4732356667518616
0.3216553032398224,1.9330673217773438
0.42563754320144653,0.6277406811714172
-0.5099937915802002,0.4801514148712158
-0.1594409942626953,0.30003517866134644
-0.4800858199596405,-0.8386432528495789
1.0999995470046997,1.0064315795898438
-0.9160128235816956,-1.131382942199707
0.21527232229709625,-1.2235735654830933
0.7987794876098633,-0.03834258392453194
-1.1697280406951904,0.5790725350379944
-0.3176838755607605,0.8847742676734924
-0.060093652456998825,-0.28793513774871826

Slice 10
1.0023016929626465,0.37699639797210693
-0.4365226626396179,-0.4228992462158203
-1.0012367963790894,-1.1926838159561157
0.5041304230690002,-0.9099953174591064
-0.5787263512611389,0.9941357374191284
-0.9564520120620728,1.079645037651062
0.1833413541316986,-0.9913995265960693
0.15512040257453918,0.8709968328475952
-0.6076953411102295,-1.6211776733398438
0.40593668818473816,-0.27400973439216614
-1.3444797992706299,0.04698028787970543
-0.9670634269714355,-0.5938615202903748
-1.1155613660812378,0.08850966393947601
0.972777247428894,-1.4957261085510254
0.7088092565536499,-1.021698236465454
-0.5811648368835449,0.4158087968826294
0.531816303730011,1.024219274520874
-0.1382066309452057,-1.9330106973648071
-2.065725326538086,-1.410925269126892
0.7602050304412842,2.519484519958496

Slice 11
0.6714856028556824,0.5009945034980774
0.3752368688583374,1.4487168788909912
1.3204516172409058,-0.18222232162952423
-1.8077619075775146,0.11353261023759842
2.1395184993743896,-2.181518793106079
-0.33604517579078674,0.1771424561738968
1.7211638689041138,0.4733341634273529
0.14630550146102905,-1.2891292572021484
0.06282848119735718,1.675058364868164
-0.14156246185302734,-1.0782043933868408
-0.3715919256210327,0.8054054975509644
1.1268378496170044,2.315683364868164
0.24889330565929413,-0.4930620491504669
-2.7550621032714844,1.7622836828231812
-2.196669578552246,1.5893546342849731
-0.649645984172821,1.5825668573379517
-1.5140947103500366,-0.13562896847724915
0.4146876931190491,-1.2452373504638672
-0.4916112422943115,0.6464329957962036
-2.3143703937530518,0.8512797355651855

Slice 12
-0.24150018393993378,-0.7619529962539673
0.026608677580952644,1.2276701927185059
2.0303704738616943,-0.9684733152389526
0.3254048824310303,0.825416088104248
1.0347330570220947,-0.4276873469352722
-0.7109377384185791,0.6586863994598389
-0.3554884195327759,-0.26808422803878784
0.3060677647590637,-0.16251270473003387
0.407650351524353,-0.43076789379119873
-0.458979994058609,-1.1043545007705688
0.18459737300872803,-1.9586890935897827
-0.06337935477495193,0.16896404325962067
-0.7064605951309204,0.3027919828891754
-1.9122425317764282,0.21878008544445038
-0.6107103824615479,-0.2131732702255249
1.5069602727890015,-0.6325626969337463
-1.0663979053497314,-1.0826343297958374
-1.8411903381347656,-0.13241316378116608
1.1741631031036377,-1.4355950355529785
0.3778225779533386,0.7331529855728149

Slice 13
0.5908706188201904,-1.1502658128738403
-1.0575226545333862,-0.46411779522895813
0.2943388521671295,-0.44465938210487366
-0.19755370914936066,0.16181300580501556
0.06560203433036804,1.3041565418243408
-0.2100077122449875,-0.7761282324790955
-1.0265114307403564,-0.21098686754703522
0.8334939479827881,0.7454354166984558
0.06162475422024727,0.2895644009113312
-0.10161883383989334,-0.6664137840270996
-0.019333366304636,0.276034951210022
-0.2753257155418396,-0.8265551328659058
-0.37061551213264465,0.2934892475605011
-0.10536330938339233,-0.5328823924064636
0.28364676237106323,0.1296105533838272
1.1257621049880981,1.3125548362731934
0.5456013083457947,-0.4176417887210846
0.6737039089202881,1.3479833602905273
-1.011874794960022,0.2628040909767151
0.17262737452983856,0.05179344862699509

Slice 14
0.6427358984947205,0.4913930892944336
-0.14324398338794708,1.5827280282974243
-0.18346115946769714,0.18805985152721405
-0.28175899386405945,-0.10349969565868378
1.914408802986145,0.31969696283340454
-0.17405273020267487,0.5259393453598022
1.3665133714675903,-1.4901789426803589
0.7719715237617493,-0.12389765679836273
1.2269933223724365,0.7375251650810242
-0.9070085883140564,-2.7625365257263184
-0.8393208384513855,0.18394410610198975
1.6471688747406006,-0.0852803960442543
0.47780841588974,1.9170812368392944
-1.1199226379394531,-1.958390474319458
1.516447901725769,-0.25311732292175293
-1.312075138092041,0.31815004348754883
-0.41453322768211365,0.5569514632225037
-0.26941391825675964,0.7718900442123413
0.7316365838050842,0.8930004835128784
0.74615478515625,0.13387669622898102

Slice 15
2.519000768661499,-0.6990782022476196
-1.603029489517212,-0.9201194047927856
1.0769709348678589,-0.2802153527736664
-0.23845571279525757,-0.0027540551964193583
1.2646610736846924,1.213600516319275
-0.07398583739995956,0.7989795804023743
1.5276046991348267,-0.3812444806098938
-0.3240117132663727,1.882259726524353
2.0170297622680664,1.1773244142532349
1.2358001470565796,-0.0637565553188324
1.7255427837371826,-0.6153187155723572
0.745136559009552,-0.47046029567718506
-0.6167318224906921,1.0933921337127686
1.1046898365020752,-0.7919062972068787
-0.924078643321991,0.23091281950473785
-1.5186941623687744,1.1238081455230713
0.1926621049642563,0.848327100276947
-0.3636277914047241,0.22874972224235535
0.20787300169467926,-0.23889610171318054
0.5711542963981628,-0.9138928651809692

Slice 16
-0.27422207593917847,0.4634934961795807
-2.0475196838378906,-0.10113783925771713
-0.28608405590057373,-1.1346163749694824
0.6149556636810303,-0.00037112791324034333
-1.2947131395339966,0.4483644962310791
0.2391059547662735,0.688062310218811
-0.5171106457710266,-0.9376596808433533
0.5784026384353638,-1.0817173719406128
-0.5437817573547363,1.1289513111114502
-2.308316469192505,-0.5128647685050964
-1.4666892290115356,-0.6880629658699036
-1.6995962858200073,0.5915185809135437
-0.1034809798002243,2.1618616580963135
1.4458584785461426,0.9132657051086426
1.6562823057174683,1.2994074821472168
-0.8620677590370178,-0.10131160169839859
0.6435622572898865,0.7686495780944824
0.9446399807929993,0.6032817363739014
1.46512770652771,-0.8537919521331787
-0.44764408469200134,1.191795825958252

Slice 17
-0.13278836011886597,0.5641599297523499
0.9911416172981262,0.27498942613601685
0.2676806151866913,-0.5840927362442017
-1.451279878616333,-1.5509194135665894
-0.3455866575241089,0.5958935022354126
-0.24157503247261047,0.4685991108417511
-0.33946752548217773,0.09933427721261978
-0.24195271730422974,1.0310800075531006
0.7471150755882263,-0.9680521488189697
0.6304232478141785,0.47878947854042053
-0.8958396911621094,0.10815894603729248
-0.7724652290344238,-0.46507322788238525
-1.8138245344161987,1.1410621404647827
0.6807159185409546,-0.6219983696937561
1.0286290645599365,1.0139410495758057
-2.227236270904541,1.7677074670791626
-0.6905915141105652,0.4405500888824463
1.8441870212554932,-1.139815092086792
0.4545241594314575,1.2575039863586426
-0.6699646711349487,-0.3688979148864746

Slice 18
0.4878314435482025,1.8533512353897095
-0.8704589009284973,0.33657315373420715
1.673278570175171,-0.5135517120361328
-0.671593964099884,-0.32749325037002563
-0.7736253142356873,0.5707998275756836
-1.6833232641220093,0.12037574499845505
-0.2917720377445221,1.7159507274627686
1.1248525381088257,-1.248476266860962
0.4223916828632355,-0.6965338587760925
0.3797569274902344,0.49810200929641724
1.1167279481887817,-0.4606425166130066
-0.19088801741600037,1.136742115020752
0.540030837059021,0.413135826587677
-0.3092581033706665,0.018290866166353226
-0.5292657613754272,-0.46734508872032166
0.49541088938713074,1.577017068862915
0.21538756787776947,0.7529097199440002
-0.08454463630914688,-0.6978236436843872
-0.2521539628505707,-0.347152978181839
0.8187136650085449,1.1884169578552246

Slice 19
0.5127912163734436,0.04024435579776764
0.46410226821899414,0.20093443989753723
-0.06328579038381577,-0.9060801267623901
-0.29537472128868103,1.0093899965286255
-0.35544151067733765,0.38731545209884644
1.1804802417755127,0.44403600692749023
1.1269611120224,0.8154162764549255
0.146670863032341,0.5202983021736145
-0.5029148459434509,-1.1443400382995605
0.7496665120124817,0.09667975455522537
0.10953925549983978,-0.775282621383667
1.381204605102539,0.6690772771835327
-0.1346849650144577,-1.337060570716858
0.11028588563203812,0.4552936851978302
0.9176487922668457,-0.6229615211486816
0.6385870575904846,0.31335052847862244
0.6366269588470459,1.6140832901000977
-1.62546706199646,0.8386567831039429
0.8043026328086853,-0.23588603734970093
2.7865068912506104,0.3264469504356384

Slice 20
0.061131153255701065,-0.5286988019943237
0.5659790635108948,-0.24985061585903168
-0.07949215173721313,-0.6733357906341553
-1.2261568307876587,-0.2135986089706421
0.4873780906200409,-0.11885534971952438
0.9739744067192078,0.6109431982040405
0.07914599776268005,0.4554247260093689
-0.12615621089935303,-0.3710874617099762
-1.2734473943710327,-0.7375746369361877
0.24289833009243011,0.07382245361804962
-0.6972589492797852,-1.935860276222229
-2.016968250274658,-0.7968624234199524
-0.8277597427368164,0.7644243836402893
0.710154116153717,-0.19793158769607544
-0.4479645788669586,-0.8961029052734375
-0.6137580275535583,-0.14604982733726501
1.3374501466751099,-0.13418863713741302
-0.8517497181892395,0.9115219712257385
0.3016890585422516,-0.04339141026139259
0.6668332815170288,-0.9409458041191101

Slice 21
-0.0434466190636158,0.44391870498657227
-1.7233350276947021,-0.4405861794948578
0.7349643111228943,1.548722267150879
0.5650201439857483,1.4729249477386475
0.49840617179870605,0.09739316254854202
0.6070231795310974,0.028260009363293648
0.1808728575706482,0.3652479648590088
-0.531615674495697,-0.2880256772041321
-1.1309739351272583,-1.5186671018600464
0.5881380438804626,-1.1724246740341187
1.94633948802948,0.6374063491821289
-0.6540524959564209,-1.1962922811508179
1.139387845993042,-0.2521342933177948
-0.7348232269287109,0.4070214033126831
-1.113742470741272,-0.21759986877441406
0.520804226398468,-0.17519916594028473
0.48847928643226624,-0.780390202999115
-0.661044716835022,-0.7366907596588135
0.2544163763523102,0.9794520139694214
-0.7520198225975037,-0.19273896515369415

Slice 22
1.4028446674346924,1.7912706136703491
-0.48232579231262207,-0.8708710670471191
-0.8051232099533081,-0.2719435393810272
-1.177504062652588,-0.6115285158157349
-1.730623722076416,-1.1650208234786987
0.4120147228240967,1.4052177667617798
-0.8750370740890503,-0.36382555961608887
-0.6907505393028259,-1.1099836826324463
0.4519191086292267,-0.2832142412662506
1.2423298358917236,1.5864132642745972
0.3895711302757263,0.7810234427452087
-0.2971746623516083,-0.9744004607200623
0.49713966250419617,0.7108073234558105
1.6241506338119507,0.4492875933647156
-0.1203116700053215,-0.8703213334083557
-1.2425974607467651,-0.9812970161437988
-0.7007017135620117,0.9492042064666748
1.1948981285095215,0.04270245507359505
0.8374249339103699,0.5562684535980225
0.4123682677745819,-0.6403720378875732

Slice 23
-0.5230783820152283,-0.373712420463562
-1.4616764783859253,2.193222761154175
-0.6622003316879272,1.3134799003601074
0.07309914380311966,-0.5229632258415222
0.2126646637916565,1.5548741817474365
1.9218695163726807,2.1063687801361084
1.1929030418395996,-1.1729849576950073
-1.7558561563491821,1.4149785041809082
1.2928924560546875,-0.0438622385263443
-1.967917561531067,-0.3952171206474304
-1.1828726530075073,-0.685472846031189
-0.33081942796707153,0.16692396998405457
-1.7423683404922485,0.9164420962333679
-1.114574909210205,0.39292702078819275
-0.6838924288749695,0.7053508758544922
-0.7920374274253845,-0.8554162383079529
-0.2802134156227112,-1.4181386232376099
1.718481183052063,2.229288101196289
-0.4708743095397949,0.9099860191345215
-1.3383376598358154,-1.2997034788131714

Slice 24
-0.3014298975467682,0.45664817094802856
1.0702091455459595,1.2750277519226074
-0.4771280586719513,0.18972694873809814
-0.9952086806297302,1.109470248222351
1.5063600540161133,0.8021616339683533
0.06316142529249191,0.3617657423019409
0.17267517745494843,-2.021610975265503
-0.1283775418996811,-2.052623748779297
-2.5811877250671387,-0.3981800377368927
-0.6299681663513184,-0.5875633358955383
0.7331752777099609,-0.7874483466148376
1.0258442163467407,-1.1282377243041992
1.290768027305603,0.8001492023468018
-0.4550359845161438,-1.7095998525619507
0.7823379039764404,-0.8616032600402832
-1.1531199216842651,0.6373385190963745
-0.7217053771018982,-1.3098913431167603
1.380995512008667,0.2570485472679138
-0.8897366523742676,-0.36578604578971863
-0.5834478735923767,0.8432236313819885

Slice 25
-0.3970058560371399,1.3073776960372925
0.5558017492294312,0.9310014843940735
-0.9366276264190674,-0.7842671871185303
-0.6080354452133179,-0.3012092411518097
0.7854007482528687,-0.8046519756317139
0.3799061179161072,0.28896528482437134
-0.5424800515174866,0.1994629055261612
2.2077481746673584,-1.1375516653060913
-0.27619966864585876,-0.5441487431526184
0.6222506165504456,1.0576858520507812
-0.1863219141960144,-0.6510555744171143
-1.055713176727295,0.1763749122619629
-0.12454422563314438,-1.0992871522903442
-0.49591144919395447,-1.7121752500534058
0.7257847785949707,0.48398783802986145
1.7638750076293945,-0.12992262840270996
0.01412114966660738,-0.2779572308063507
0.25094038248062134,-0.5654159784317017
0.2429770678281784,0.35302332043647766
-0.890169620513916,-0.23655050992965698

Slice 26
-0.0004487091500777751,-0.38899150490760803
-1.4339350461959839,0.6251829266548157
-0.027726726606488228,-0.16697536408901215
-0.37951529026031494,1.2472529411315918
-0.04499857500195503,-0.25049248337745667
0.4239746630191803,-0.6218680143356323
2.0332555770874023,1.5228464603424072
-0.9876179099082947,0.06201774999499321
0.4992296099662781,0.4491689205169678
-0.3908229470252991,-0.003513546660542488
0.42990443110466003,0.30659395456314087
0.3481883704662323,-0.07829307019710541
0.8093246221542358,-0.3948230445384979
-1.9211801290512085,-1.801596760749817
-1.1226117610931396,0.018494198098778725
-0.4598377048969269,0.5141026377677917
1.254738211631775,-0.20546582341194153
1.0050408840179443,0.3255859315395355
1.6808562278747559,0.1225992888212204
0.6687664985656738,-0.54990154504776

Slice 27
1.3292485475540161,-0.9558256268501282
0.6497530937194824,-0.13767637312412262
0.6722784638404846,-0.18881648778915405
-0.7442926168441772,-1.9071722030639648
0.4697331488132477,-0.32678142189979553
-1.4329540729522705,-0.7941443920135498
1.256506323814392,-0.8613712191581726
-0.5048306584358215,-0.10191747546195984
-0.3164442181587219,0.155462846159935
-0.7224388718605042,0.01618027314543724
0.8893244862556458,1.062536358833313
-1.3778256177902222,0.06811443716287613
-0.5459378957748413,-0.11342775076627731
-0.6127333641052246,-0.108982615172863
-0.4640905559062958,-0.5557529926300049
0.6376047730445862,-0.09961710125207901
0.016051795333623886,-1.0789978504180908
0.5835148096084595,0.25638312101364136
0.6181991100311279,-0.06674342602491379
-0.43020346760749817,0.7790455222129822

Slice 28
-1.643088698387146,0.37122687697410583
0.5956771969795227,0.06987696886062622
-2.0721945762634277,0.830873966217041
-0.30953601002693176,0.47664394974708557
-0.7718310356140137,-0.06875967234373093
0.1412455439567566,-0.5857107639312744
-1.0213011503219604,-0.05414312705397606
-2.0054757595062256,-0.4760544002056122
0.24734808504581451,0.3041512668132782
0.047177836298942566,0.6555712223052979
1.1107488870620728,1.4223335981369019
-0.04898981377482414,0.8656788468360901
0.2966251075267792,0.7513859868049622
1.186242938041687,0.028391703963279724
0.03255945444107056,1.4959278106689453
-0.515149712562561,-0.10461123287677765
-1.2987480163574219,-0.24753375351428986
1.2438563108444214,-0.5323042273521423
-1.0830994844436646,0.036371756345033646
-1.5189601182937622,-0.35290199518203735

Slice 29
-0.09724824130535126,1.0168261528015137
0.22479145228862762,-1.6506949663162231
0.5690473318099976,1.4233157634735107
-0.0883435308933258,-0.6024729013442993
0.29509690403938293,1.1803382635116577
-1.1688487529754639,0.5596057772636414
-0.4302314817905426,-1.6144288778305054
-0.7682543992996216,-0.11631320416927338
0.05649422109127045,0.7751666903495789
0.9210558533668518,-0.04741217568516731
-0.08882110565900803,-0.09478521347045898
0.23592258989810944,-0.3911114037036896
-1.7784706354141235,-0.5987874865531921
-0.009172352962195873,-0.6604275107383728
-0.11505603045225143,-0.5219618082046509
1.062178373336792,-0.9559875130653381
0.7256699800491333,-1.5801997184753418
-0.7533186078071594,-0.9908641576766968
0.39723706245422363,1.2606619596481323
1.3081681728363037,1.4203987121582031

Slice 30
1.443092942237854,-1.1808862686157227
-0.5434191226959229,0.276979923248291
-0.5051987171173096,0.23610249161720276
0.01509552076458931,-1.6672241687774658
-0.5617228746414185,-0.4759018123149872
-0.7243953347206116,-0.2845546007156372
-0.2540285885334015,-1.8138190507888794
1.38084876537323,-0.7545635104179382
1.4513885974884033,-0.007552075199782848
-0.9174162745475769,-1.922361969947815
-0.6557037830352783,-0.6513136029243469
-1.3638354539871216,0.43827080726623535
0.2536781430244446,1.232427954673767
-0.19078969955444336,1.0473301410675049
-0.08221980929374695,1.5068341493606567
-0.5005651116371155,0.6309716701507568
-0.3412010669708252,-0.5407297015190125
1.135573387145996,0.7668833136558533
-1.3096176385879517,0.153469979763031
-1.5188792943954468,-1.1485785245895386

Slice 31
1.8531320095062256,0.1326650083065033
1.666383147239685,1.6868690252304077
-1.256226658821106,0.570410430431366
-0.9814627170562744,0.11193972080945969
-0.4250769317150116,0.8739917874336243
-0.40849748253822327,-0.6875584125518799
0.8094144463539124,-0.4589190185070038
1.7126106023788452,-0.10335149616003036
-0.13740824162960052,-0.35748836398124695
1.7536985874176025,0.1525891125202179
-0.1811683177947998,-0.7163312435150146
0.5073117017745972,-1.5271780490875244
1.1315027475357056,0.1421409398317337
-1.0464633703231812,1.553390383720398
-0.013830790296196938,1.3585397005081177
0.19557127356529236,-1.002972960472107
0.20235496759414673,-1.2362090349197388
-0.7372157573699951,-0.13943259418010712
0.06534148007631302,-0.6013280153274536
0.16711002588272095,-0.9249885082244873

Slice 32
0.18541602790355682,-1.0216641426086426
-0.10785260051488876,0.41492265462875366
1.9605107307434082,1.55320143699646
0.7062172889709473,0.03333217650651932
0.8438732624053955,-0.5258358120918274
1.2168645858764648,-1.7754656076431274
-0.7346012592315674,-0.37425243854522705
-0.3677311837673187,-0.1587435007095337
0.10265728831291199,-0.5848426818847656
0.11798465996980667,-1.1373735666275024
0.10439088940620422,-0.1562969833612442
-0.13779735565185547,1.040765643119812
0.3849237263202667,-0.30938100814819336
-0.962646484375,-0.8715899586677551
0.40616780519485474,0.7025348544120789
0.14610950648784637,0.818091094493866
-0.4646558463573456,-0.2552834749221802
-2.279808759689331,0.7127932906150818
-1.1979968547821045,-0.4689275622367859
-1.0046182870864868,0.6692725419998169

Slice 33
0.7831988334655762,0.013628940097987652
0.22236831486225128,-1.2119730710983276
0.23584909737110138,-0.06593814492225647
0.5191022157669067,0.8052409291267395
-1.278171181678772,0.09070223569869995
0.8183708786964417,-1.0857877731323242
0.8188321590423584,0.21415364742279053
-0.6899003982543945,0.2630294859409332
0.9349942207336426,-1.5905884504318237
-0.6609541177749634,0.22792986035346985
-0.7288866639137268,-0.22982405126094818
-0.5872067213058472,-0.8559511303901672
1.3241803646087646,1.0144622325897217
-0.5534149408340454,0.47308456897735596
0.9869183301925659,-2.2106597423553467
-1.304235816001892,-0.07894102483987808
-0.38538843393325806,-0.9909451007843018
-0.09914527088403702,-0.2777996063232422
1.454670786857605,0.2568429112434387
0.2780073583126068,2.8900558948516846

Slice 34
-0.8452717661857605,-0.40014779567718506
-0.2935638427734375,1.1680887937545776
-0.3208291530609131,1.4339977502822876
-1.4002950191497803,0.06734424084424973
-1.331856608390808,-0.7703673839569092
0.46613413095474243,1.9640954732894897
-1.720486044883728,-2.0709757804870605
-0.2806849479675293,-1.6755304336547852
1.315203070640564,0.332245796918869
-0.26603764295578003,0.9759839177131653
1.795090913772583,0.3988649249076843
-0.9604945182800293,1.485859990119934
-0.5156707167625427,-1.7784647941589355
-0.2852473855018616,0.5905672311782837
-0.23580864071846008,-0.4336046576499939
-1.5310107469558716,-0.3703557848930359
-1.4286984205245972,-0.5101240873336792
-1.2290818691253662,-0.030384764075279236
-0.5123739838600159,-1.4667166471481323
-1.1940031051635742,1.7552887201309204

Slice 35
1.2243921756744385,-1.3658485412597656
-0.3190370500087738,-0.08655134588479996
-0.30596229434013367,0.7366145253181458
1.8962239027023315,2.019394874572754
0.5712255239486694,0.5819492340087891
-0.12239343672990799,0.8501504063606262
1.039138913154602,0.15667776763439178
0.4015718698501587,-0.3614897131919861
0.03307086601853371,-0.6427015066146851
-0.5584920644760132,-0.23709535598754883
0.3843744695186615,-0.36257269978523254
0.21389774978160858,-0.8027097582817078
0.5215561389923096,-0.3896329700946808
-2.538321018218994,-1.798557996749878
0.06257866322994232,0.46029308438301086
-0.897750973701477,1.0744065046310425
0.5852798223495483,0.25340956449508667
0.7821233868598938,-1.6065398454666138
0.8868176341056824,-1.1479099988937378
-1.7490195035934448,1.2079952955245972

Slice 36
1.1900523900985718,-0.8921975493431091
-0.7391740083694458,-0.07055594027042389
0.5596747994422913,0.5013412237167358
0.19361919164657593,0.8140676021575928
1.4183235168457031,0.6333907842636108
-0.7951084971427917,-0.5645949840545654
-0.2738643288612366,-0.11326953768730164
0.11933786422014236,-0.4366653561592102
-1.2016669511795044,0.23712533712387085
1.0163774490356445,0.09741710871458054
1.1527577638626099,-1.7354230880737305
0.5810988545417786,-0.5589562654495239
-0.6693384051322937,0.2643584609031677
-0.753629207611084,-0.09807581454515457
1.292770504951477,0.005621380638331175
-0.021655248478055,0.666793704032898
0.994788646697998,1.0413844585418701
-0.11190976947546005,0.1896916627883911
1.996100902557373,0.4489869177341461
-1.3008064031600952,1.372387170791626

Slice 37
1.557544469833374,0.7963282465934753
-1.3667789697647095,1.9033122062683105
0.9655009508132935,-0.6977818012237549
-0.4608132839202881,2.087263584136963
0.060351550579071045,1.1530754566192627
0.6693426966667175,-0.18321286141872406
-1.0904561281204224,0.14858710765838623
0.6466434001922607,0.00031892579863779247
-0.27891895174980164,-0.7823078036308289
-0.4567258656024933,-1.0189917087554932
-0.542717695236206,-1.0147926807403564
-0.5370270609855652,-0.9849726557731628
-0.2433129847049713,0.0822487324476242
0.6993152499198914,0.2684096097946167
-1.1108237504959106,-0.8015013337135315
-0.46678096055984497,0.9809916615486145
-0.2938397228717804,1.163288950920105
0.44365552067756653,-1.3095955848693848
-1.233498454093933,-0.3581088185310364
0.8451277017593384,0.03499361127614975

Slice 38
0.5660913586616516,0.7380860447883606
1.4804441928863525,1.7260812520980835
0.37721559405326843,0.5917006731033325
0.6314898729324341,-1.2128546237945557
1.4005182981491089,1.1491469144821167
-2.095850944519043,-1.0045117139816284
1.7479192018508911,-0.5031395554542542
0.18194562196731567,0.5761951804161072
1.1705269813537598,1.4755536317825317
-1.1916563510894775,0.03575032949447632
-0.929417610168457,-2.000079870223999
0.03623952716588974,0.4997532367706299
-0.4850010573863983,0.7524904012680054
1.5467051267623901,0.3244563937187195
0.9960137605667114,0.661686360836029
-0.28644853830337524,0.8992290496826172
-0.6950230598449707,-0.15468508005142212
0.2521299421787262,-0.6961880326271057
0.34394946694374084,-0.23809416592121124
-1.6774626970291138,-0.24924957752227783

Slice 39
-0.7691087126731873,-0.40708500146865845
-1.1372193098068237,-0.6085355281829834
0.5215299725532532,-0.013861356303095818
-1.3421785831451416,-0.2664451003074646
-0.05024489015340805,0.5468953251838684
-0.9401683211326599,-2.391638994216919
-0.15549975633621216,-1.35176420211792
-1.0326536893844604,-0.37753602862358093
0.8384491205215454,-0.25551578402519226
-0.5843353867530823,-0.22837014496326447
-0.9415942430496216,-0.12256895750761032
0.7095970511436462,1.6689566373825073
-0.10319509357213974,0.6603452563285828
-0.7496302127838135,-1.0580066442489624
0.15679003298282623,0.7082915902137756
1.1529972553253174,0.42030298709869385
-1.9431613683700562,-0.07996013760566711
-1.0299774408340454,0.8206639885902405
-0.9999756217002869,0.15559183061122894
-0.9271255135536194,-0.05209881812334061

Slice 40
-0.7874072790145874,0.8244081139564514
0.4523784816265106,-0.27889788150787354
-1.130591630935669,-0.01493442989885807
0.2683089077472687,1.674885630607605
1.224971890449524,1.4577654600143433
-1.4557874202728271,-1.2136256694793701
-1.7792686223983765,-0.8248724341392517
0.775932788848877,0.10706426948308945
1.6543585062026978,-1.2970688343048096
-0.431616872549057,0.8623396754264832
-0.13810551166534424,-0.5215308666229248
0.23772019147872925,-0.6448850631713867
-0.9403951168060303,-0.07800441980361938
-0.804860532283783,1.2863011360168457
0.6828647255897522,-0.9197942614555359
2.0146703720092773,0.8826969265937805
-1.3983086347579956,-1.7632503509521484
0.9530426859855652,-0.36759042739868164
-2.2760469913482666,-1.3704118728637695
2.1190788745880127,-0.21602047979831696

Slice 41
0.6420075297355652,0.14726994931697845
-1.275443196296692,1.1321332454681396
-1.0726877450942993,0.9620682597160339
1.5798001289367676,0.37344807386398315
0.6582502126693726,0.13862164318561554
0.3940581679344177,0.6222196817398071
1.2498995065689087,0.33447155356407166
0.7139284014701843,-0.5867030024528503
-0.4760051369667053,0.681480348110199
-0.5935326218605042,-0.5074204802513123
-0.31881216168403625,-0.5325607657432556
-0.43656858801841736,-1.6774324178695679
-0.2269906848669052,0.3196103274822235
0.27479586005210876,1.1032811403274536
1.2034566402435303,0.4842059314250946
-0.9445544481277466,-0.48595359921455383
-1.8665114641189575,-1.3303521871566772
0.6365795135498047,0.38409537076950073
-0.6976200938224792,0.0837690681219101
0.4294268786907196,0.836812436580658

Slice 42
-0.672710657119751,0.09177672863006592
0.41987887024879456,0.16102270781993866
0.42889076471328735,1.6927193403244019
-0.8392441868782043,1.022581696510315
-0.7357556819915771,0.011198233813047409
-0.8634177446365356,0.916809618473053
-0.3645472526550293,-1.0557235479354858
-0.2761164903640747,0.6869524121284485
0.2524399757385254,0.6506973505020142
0.4389113485813141,1.661932349205017
-0.5314366221427917,-0.2622872292995453
-1.0326690673828125,-1.0965626239776611
0.2159988135099411,-1.1389927864074707
-2.4822089672088623,-0.9550526738166809
-1.4335218667984009,0.7569043040275574
-0.30099767446517944,0.7825491428375244
0.9223291873931885,-0.3775174021720886
0.8660569787025452,-1.1578580141067505
0.3925473988056183,0.46374285221099854
0.9567081928253174,0.21530625224113464

Slice 43
0.10830402374267578,0.35991719365119934
1.0947705507278442,-0.13883478939533234
0.4719211161136627,-0.5038215517997742
-0.7307801842689514,0.8654257655143738
0.5275918245315552,0.8507195711135864
-0.28870514035224915,0.6016333103179932
-0.7838168144226074,0.20469637215137482
0.8151999711990356,0.17940449714660645
0.8053457140922546,0.011547203175723553
-0.48385146260261536,-1.3164865970611572
-0.2746499478816986,-1.7282955646514893
-0.5312705636024475,0.5129965543746948
0.9618794918060303,1.1188812255859375
-1.4629260301589966,-0.023406457155942917
0.6210354566574097,-0.2733452618122101
0.10522331297397614,-0.6902592182159424
-0.8915279507637024,-0.618950605392456
0.47900068759918213,-1.8890167474746704
-0.7085332870483398,1.079442024230957
-1.0305724143981934,-0.004357646219432354

Slice 44
-0.022238073870539665,0.49754732847213745
0.7003169059753418,1.5271774530410767
-0.15963856875896454,-0.9002892374992371
-1.1223113536834717,-0.0953575000166893
-0.5336148142814636,0.29224318265914917
0.11785750836133957,0.21875804662704468
0.2599771320819855,-0.7938661575317383
0.3960762321949005,-0.5470949411392212
-1.1582146883010864,-0.3360786736011505
-0.231782928109169,-0.007745999842882156
-1.7885552644729614,0.32070931792259216
0.10790658742189407,-1.777199387550354
-0.0044237347319722176,0.10703159868717194
1.1184958219528198,0.3291553258895874
-0.4150349497795105,-0.5172793865203857
0.9694280028343201,0.17723530530929565
-0.792089581489563,0.06454364955425262
-0.5666550397872925,-0.25411126017570496
0.22053803503513336,0.8429778218269348
1.239680528640747,2.0100066661834717

Slice 45
0.5940040349960327,2.12101149559021
-0.4795773923397064,0.94724041223526
-0.9669978022575378,-0.5047361850738525
0.21151508390903473,-1.7444627285003662
-1.0438278913497925,0.017140669748187065
-0.21333269774913788,0.0539286769926548
-0.1637461930513382,-1.0014848709106445
0.38410452008247375,-0.33532094955444336
0.6472586393356323,0.8822728395462036
-1.935716152191162,0.6996666193008423
0.6820917725563049,2.5499613285064697
-0.17238561809062958,0.9337576627731323
0.34772729873657227,-0.015033572912216187
-2.983454942703247,0.8393658399581909
0.7959961295127869,1.682328224182129
-0.17670999467372894,2.0927789211273193
0.735266387462616,-1.2715774774551392
0.3152413070201874,0.0513085201382637
0.4719286859035492,0.8243603110313416
0.7755700945854187,-0.2253708690404892

Slice 46
0.7848569750785828,1.0872710943222046
0.7059118747711182,-0.647468626499176
-0.01828153245151043,0.5257606506347656
0.10536865890026093,1.084355354309082
-0.2520720362663269,-0.008630670607089996
0.468312531709671,-0.1224929466843605
-0.3246840834617615,-0.8401860594749451
0.4040953814983368,-0.9685777425765991
0.9521801471710205,0.2931191921234131
-0.6688553094863892,-0.15366317331790924
1.505644679069519,-0.4172111451625824
0.02658507414162159,0.14362695813179016
-0.484206885099411,1.895564317703247
-0.1651940792798996,0.5373451709747314
0.12401558458805084,-0.9009397625923157
0.6209322214126587,0.6222097873687744
0.6173110008239746,-0.0863838642835617
-0.760808527469635,0.9872835278511047
-0.30337992310523987,0.9037315249443054
0.2257641851902008,0.6341643333435059

Slice 47
-0.5033276677131653,-1.2772557735443115
0.13681983947753906,0.6997369527816772
0.8678232431411743,0.9413278102874756
0.1770186871290207,0.7757081389427185
-0.544025182723999,2.1218748092651367
0.6778698563575745,-0.05538800731301308
1.1414448022842407,-0.3531849980354309
0.21945106983184814,-0.8055614233016968
-0.7109682559967041,1.3844438791275024
0.6371251344680786,-0.08621244132518768
0.1959734857082367,0.6352446675300598
0.8815393447875977,-1.039149522781372
0.30341005325317383,-0.4879609942436218
1.5386279821395874,0.7580156922340393
0.21516923606395721,-0.03400449827313423
1.7187384366989136,0.5222454071044922
0.4117250144481659,1.0006407499313354
-0.9288979768753052,-0.17006272077560425
0.7265456914901733,0.1362171769142151
1.550061821937561,-1.2530715465545654

Slice 48
1.0553958415985107,-1.571826457977295
1.6861027479171753,-0.43830007314682007
0.360551118850708,0.4308514893054962
-0.1347780078649521,-0.7403005361557007
-0.5271944403648376,0.9960190057754517
0.12329049408435822,0.6920315027236938
-0.6275070905685425,0.9138976335525513
2.071406602859497,-0.22634099423885345
-0.8035404682159424,1.0041007995605469
2.1674890518188477,0.5709161162376404
-0.6545546650886536,0.34270867705345154
0.7478480339050293,-1.5059806108474731
-0.21492509543895721,0.5366367101669312
3.0623586177825928,0.639401912689209
-1.8115074634552002,2.0847971439361572
0.34072577953338623,-1.0575690269470215
-1.0238358974456787,1.111047387123108
0.8843770623207092,0.24247457087039948
1.7877025604248047,0.9493764638900757
-1.9877424240112305,-0.22960345447063446

Slice 49
-0.15106306970119476,-0.41380682587623596
-1.690665364265442,1.3221853971481323
-0.06719444692134857,1.338523507118225
-0.13295845687389374,-1.1005271673202515
0.4705703854560852,-0.29836562275886536
0.14073558151721954,-1.0035170316696167
-1.980041742324829,-1.2885839939117432
-0.09918256103992462,-2.588571310043335
0.9216106534004211,1.005130648612976
0.5326939225196838,-0.4007366895675659
-1.5265557765960693,-0.5737316608428955
0.12185841053724289,1.1993685960769653
-0.13937808573246002,0.5700322389602661
0.3838554322719574,-0.7921531200408936
-1.4454413652420044,0.14966057240962982
0.15726636350154877,-0.33006706833839417
-0.39551660418510437,-0.21427775919437408
-0.8696777820587158,1.8542767763137817
-1.0587321519851685,-0.5501150488853455
0.0027525858022272587,-0.8522953987121582

Slice 50
1.0095012187957764,2.095555067062378
0.7535372972488403,1.2116693258285522
-1.7574180364608765,-0.06758050620555878
0.08094985038042068,-0.08817306160926819
1.3786916732788086,-0.4679829478263855
1.3620147705078125,0.2840701639652252
-0.16176369786262512,0.7423579096794128
0.5292468070983887,0.224954754114151
1.8304752111434937,0.5165387392044067
-0.8764063119888306,0.13176122307777405
-0.37033119797706604,0.8259337544441223
-0.8804938793182373,-0.32128575444221497
-0.8096160292625427,0.3774792551994324
1.6153162717819214,-0.5887746810913086
-0.9025912880897522,0.23975518345832825
1.2445839643478394,0.5862640142440796
-1.2494828701019287,0.13511434197425842
0.37920403480529785,-0.8662669658660889
-0.7094104290008545,-1.1209766864776611
2.056619882583618,0.005308025516569614

Slice 51
0.886716365814209,-0.4714338481426239
-2.0546438694000244,1.1630847454071045
0.6615081429481506,0.7848483920097351
0.01135557796806097,-0.5651165843009949
-1.624794363975525,1.3611046075820923
1.3569098711013794,0.22749188542366028
-0.050485964864492416,-1.4719778299331665
1.2588517665863037,1.7769354581832886
-2.173842668533325,1.515453577041626
-0.022103913128376007,-0.024535609409213066
0.14849841594696045,0.12854237854480743
0.35455161333084106,-1.0087933540344238
-0.808063268661499,-0.4508351683616638
-1.1629689931869507,1.953506350517273
-0.8465952277183533,-0.800769031047821
-1.5831650495529175,-0.2016061693429947
-0.7450571060180664,0.885966956615448
2.222707509994507,0.3351321518421173
0.5656067132949829,2.355926275253296
0.24845579266548157,0.0772022157907486

Slice 52
0.09166638553142548,-1.699400782585144
2.032517194747925,0.43879884481430054
-0.7981238961219788,-0.6243473291397095
1.0159090757369995,-1.001897931098938
0.41015079617500305,-0.6270262002944946
-0.06324083358049393,-0.7995098233222961
-0.40612295269966125,-0.8165011405944824
1.5497064590454102,1.8149399757385254
-0.10295085608959198,-1.935511589050293
-0.7953989505767822,1.0267465114593506
-0.06270786374807358,-0.2110586017370224
1.1819565296173096,-1.098969578742981
-0.4212903082370758,-1.0521354675292969
1.209136962890625,0.41502851247787476
-0.7205810546875,0.21058595180511475
-1.1300524473190308,0.9368089437484741
-0.5042594075202942,-1.6317176818847656
0.3317449688911438,-1.729709267616272
-1.323953628540039,0.28511542081832886
0.8994618654251099,0.6218183040618896

Slice 53
-0.1857810765504837,-1.3107941150665283
-0.636620819568634,0.19418206810951233
-0.07301341742277145,0.39455580711364746
-0.9457235336303711,-0.4981464147567749
0.06814919412136078,1.138764500617981
-1.0026322603225708,0.34032613039016724
-0.21791429817676544,1.523666501045227
1.5328710079193115,0.12975728511810303
-0.38501501083374023,0.9219458699226379
0.025392020121216774,-0.288826048374176
-0.10719844698905945,0.26359280943870544
-1.3783379793167114,-0.8344226479530334
0.8595098257064819,1.9140830039978027
0.3573603332042694,-0.8641445636749268
2.3692173957824707,-0.00468071736395359
-0.9250383377075195,0.34720462560653687
-1.217739224433899,1.2994847297668457
0.8383933305740356,0.7006484866142273
0.534940242767334,0.33891093730926514
-0.20713886618614197,0.7881532907485962

Slice 54
0.8253735899925232,-0.5166130065917969
-2.0883803367614746,1.0008097887039185
-0.5922802090644836,-0.2827656865119934
-1.8262548446655273,0.7040762901306152
1.804821491241455,0.719983696937561
0.05237465351819992,1.3440078496932983
0.9513975381851196,-0.2512838542461395
-2.3577523231506348,0.5907041430473328
1.118987798690796,0.5201832056045532
-0.46590954065322876,0.19485130906105042
0.1648130714893341,0.0030693134758621454
0.59833163022995,0.3243180215358734
1.534712791442871,0.8838621377944946
0.6670687198638916,0.9038001894950867
0.6354535222053528,0.43368756771087646
-1.8632017374038696,0.9031606316566467
0.14919696748256683,-0.05607975274324417
1.0637792348861694,-0.9086620807647705
-0.4799423813819885,1.2728822231292725
0.09734202176332474,0.5676748156547546

Slice 55
0.3973657488822937,-0.9472098350524902
-1.730460524559021,-0.3526920974254608
0.0692308098077774,-1.00467848777771
0.5677390694618225,-0.016708210110664368
-0.0609474778175354,0.017472242936491966
-0.8214545845985413,0.39778825640678406
0.38152867555618286,0.7818563580513
0.16650116443634033,-0.23966917395591736
1.3525387048721313,-1.7010974884033203
-1.4668240547180176,0.10656163096427917
-0.7212964296340942,1.3132001161575317
1.58980131149292,-1.6192806959152222
-0.24888373911380768,-0.10671991109848022
-0.2890172302722931,-1.6982580423355103
0.5118969678878784,-0.24016812443733215
-0.7386385202407837,1.1619774103164673
-2.1691675186157227,-0.4414142072200775
0.14464117586612701,1.1211756467819214
0.6752139925956726,-1.059741735458374
-0.4434875249862671,-1.5242767333984375

Slice 56
0.3948521912097931,-0.386104017496109
-0.5747275352478027,-1.7516636848449707
0.8943609595298767,-0.9487915635108948
-1.2630622386932373,-0.430642694234848
-0.13866031169891357,0.6418102383613586
0.07784640789031982,-1.476471185684204
-1.4426554441452026,0.8381153345108032
0.5023929476737976,0.34073907136917114
-2.2199361324310303,-0.16822907328605652
1.5860761404037476,-0.3516779839992523
-0.29195207357406616,0.04304704815149307
-0.45177391171455383,0.26231592893600464
-1.411065936088562,0.6004341840744019
0.8310698866844177,0.47069254517555237
-1.0426912307739258,1.1571366786956787
-0.3526405394077301,1.342747449874878
-0.511944055557251,2.3313684463500977
0.9933480620384216,1.0560111999511719
-1.3909826278686523,0.15864156186580658
-0.3057189881801605,0.30125191807746887

Slice 57
0.012420783750712872,-0.6987966895103455
-0.27262377738952637,0.27179011702537537
-0.4400486350059509,0.1016949862241745
-1.7246285676956177,-0.6661856174468994
-1.1444816589355469,0.12652578949928284
1.3800790309906006,-1.2770746946334839
1.0368642807006836,1.3407917022705078
-0.3615342974662781,-0.044911980628967285
0.820977509021759,0.33254361152648926
-0.4673271179199219,-1.6813040971755981
0.09091611206531525,-1.2471864223480225
-0.3357013463973999,-0.6528768539428711
-0.9007510542869568,-0.1296120434999466
-0.2822500467300415,0.3686828017234802
0.877288818359375,-0.17567551136016846
-0.7319523692131042,-0.8751242756843567
-0.02677096799015999,-0.23042894899845123
-2.8541460037231445,-0.6811902523040771
0.14819584786891937,1.2346328496932983
1.7625981569290161,0.7939823865890503

Slice 58
0.08827752619981766,0.14279122650623322
-1.2381200790405273,0.32798856496810913
1.3995327949523926,-1.28813898563385
0.056726183742284775,-0.2645242512226105
0.7082813382148743,0.5189677476882935
-0.5879970192909241,0.13683784008026123
0.3889489471912384,1.2107820510864258
-0.4463038146495819,-1.1856701374053955
-0.43752819299697876,0.6857478022575378
0.5862886309623718,-0.7082201838493347
0.23674120008945465,0.31214138865470886
-0.33841484785079956,-0.06573469936847687
1.352239966392517,0.1381586492061615
0.7712346315383911,-0.10665874183177948
0.4055614471435547,-0.7074393630027771
-0.2773619592189789,-0.29471293091773987
-0.05269182100892067,-0.14105567336082458
-1.1001144647598267,1.6149200201034546
0.05766969546675682,1.0119621753692627
-0.5491152405738831,0.13037662208080292

Slice 59
1.3716225624084473,0.016277799382805824
0.8201336860656738,-1.3233880996704102
0.35590773820877075,0.14277030527591705
-0.2780066132545471,-1.0499625205993652
0.7143417596817017,-1.0301073789596558
0.867345929145813,0.22485996782779694
-0.6294224262237549,-1.4241546392440796
-0.027804233133792877,-0.7819008231163025
-0.8755943179130554,-0.9862087368965149
0.4904034435749054,-0.7217063307762146
-0.26608335971832275,0.8649120330810547
-0.589702308177948,0.49301862716674805
0.3820687532424927,-0.4090885519981384
2.0532009601593018,0.6436423659324646
-1.1557574272155762,0.4246290922164917
1.2095506191253662,-0.7783501148223877
1.2306792736053467,1.2278987169265747
-0.7369519472122192,-0.7597403526306152
0.45938897132873535,1.7723523378372192
0.9989632964134216,0.8956770896911621

Slice 60
-0.3287905752658844,-0.7974542379379272
-0.9020199179649353,0.2695533335208893
-0.3840714991092682,0.7352919578552246
2.049328565597534,-0.08901061862707138
0.5431761145591736,-0.2695384621620178
-0.15311802923679352,1.1059778928756714
-0.11290612071752548,-1.026803731918335
-0.9808250665664673,0.5052173733711243
0.3111778795719147,-0.4235987365245819
-1.449713110923767,-0.8263648152351379
-1.3364734649658203,1.0711935758590698
0.6860087513923645,0.05892578884959221
1.4062490463256836,-0.22756268084049225
0.8067870736122131,1.3673532009124756
0.6555590033531189,-0.09099692106246948
-1.8799009323120117,-0.2938665747642517
-0.026712417602539062,-0.04862133041024208
1.2368766069412231,2.550520896911621
-0.4756741225719452,0.42098838090896606
-0.41655734181404114,0.08868304640054703

Slice 61
-0.31150272488594055,-1.467295527458191
0.030016379430890083,1.34641432762146
0.5077691078186035,-1.937164545059204
-0.7255934476852417,-0.27185460925102234
-1.8645857572555542,-1.0932105779647827
0.9890099763870239,-0.418881356716156
-0.034144077450037,-0.12825213372707367
-0.0630384087562561,-1.6219409704208374
0.4432830810546875,-0.8532440662384033
1.0357071161270142,-0.6067965030670166
-1.3845871686935425,0.08026657998561859
0.982721745967865,1.4009290933609009
-0.6299684047698975,-1.1272923946380615
0.7183864712715149,0.19403870403766632
-1.6915907859802246,-0.34675443172454834
1.0283440351486206,1.9606670141220093
-0.17106160521507263,-1.8127737045288086
-2.8603599071502686,0.3253319561481476
0.8172429800033569,0.9810034036636353
1.7057873010635376,0.8891189694404602

Slice 62
2.300766944885254,0.4264982342720032
-1.8235174417495728,-1.39739990234375
0.22375604510307312,0.18332667648792267
-1.6584872007369995,-0.654046356678009
2.392451286315918,-0.1860613077878952
1.8407689332962036,-0.04793982207775116
0.32242512702941895,-0.7060269117355347
1.6851505041122437,0.8498538732528687
-0.1967247873544693,-1.2875940799713135
-0.21868667006492615,-0.6606451869010925
1.1176152229309082,0.5672815442085266
-1.962753176689148,0.18271504342556
-1.0452996492385864,0.9060221910476685
0.15323784947395325,-0.20929846167564392
0.7367438077926636,0.20971187949180603
0.5529175400733948,1.5383061170578003
-0.885909914970398,-0.149463951587677
0.0035262235905975103,-0.022327609360218048
0.2733803689479828,0.7776311635971069
-1.049025058746338,-0.950934648513794

Slice 63
-1.2233421802520752,-0.2498546987771988
0.09391285479068756,-0.9514822959899902
0.38999003171920776,0.8338434100151062
1.4886687994003296,-0.13952398300170898
0.6911503672599792,0.02248455211520195
-0.423932284116745,0.9081107378005981
-0.6929001808166504,0.2953035533428192
2.156517744064331,1.2736105918884277
0.5620548725128174,-0.119585782289505
1.14204740524292,-0.8805038332939148
0.6419034004211426,-0.3859367370605469
0.608517587184906,1.8064299821853638
0.41692450642585754,1.7551294565200806
-0.24456290900707245,-0.6975144147872925
-1.1612833738327026,-0.06428999453783035
0.3324281871318817,1.2645758390426636
-0.41919687390327454,-1.7244770526885986
-0.15746527910232544,0.6578378677368164
1.939308524131775,0.48528775572776794
1.1306730508804321,-1.0954511165618896

Slice 64
-2.0596930980682373,-0.005542396102100611
-0.21986596286296844,1.00351083278656
-1.6909223794937134,-0.8454409241676331
-1.4945203065872192,-0.056632354855537415
0.7392202019691467,-0.3067498803138733
0.6242662668228149,1.0489528179168701
1.3676444292068481,0.4237005114555359
1.2790133953094482,0.3581942021846771
0.7987393140792847,-1.2685575485229492
0.3304716646671295,-1.1138814687728882
-1.3834753036499023,0.5263912081718445
-0.08611316233873367,0.7496999502182007
-0.5275219082832336,1.160424828529358
-1.7039368152618408,-0.20431910455226898
-0.23477807641029358,-1.5018236637115479
0.04324379563331604,-1.218967318534851
0.6872400641441345,-0.50523841381073
0.8764887452125549,0.5595455765724182
-0.02439967729151249,0.30978065729141235
0.16498668491840363,0.5377330780029297
