20 19
20 19
2 19
20 19
20 19
2 20
20 19
20 19
2 20
2 20
20 20
20 4
20 19
20 20
20 20
20 19
20 19
20 20
2 20
20 20
20 19
20 19
20 19
20 19
20 19
2 19
20 19
2 20
20 19
20 19
20 20
20 19
20 20
20 19
20 19
20 19
20 19
20 19
20 19
20 20
2 19
20 19
20 19
27 20
2 19
20 19
20 19
20 19
20 19
20 15
20 19
20 20
20 19
20 19
20 19
20 19
20 27
20 20
20 19
20 19
20 19
20 19
20 20
11 20
20 20
20 19
20 19
2 20
2 19
8 11
20 19
2 19
20 20
20 20
20 20
2 20
20 19
20 20
2 19
20 20
20 19
20 19
20 20
20 19
20 19
20 19
20 19
20 19
20 20
20 20
2 19
20 19
20 19
20 20
20 19
20 19
2 19
20 19
20 19
20 20
2 20
20 19
20 20
20 20
20 19
20 19
20 19
2 26
20 20
20 19
20 19
20 19
20 20
20 19
20 20
20 20
20 19
20 19
20 20
20 20
20 19
20 19
20 20
20 19
2 19
20 19
20 19
20 19
20 20
20 19
20 20
20 19
20 19
20 19
20 19
20 19
20 19
2 19
20 19
2 19
2 19
20 19
20 19
20 19
20 19
20 19
20 18
2 19
2 19
2 19
20 19
20 19
20 19
20 19
20 19
20 19
20 19
20 19
20 19
20 20
20 20
20 19
2 19
20 19
20 20
20 19
20 20
20 19
20 19
20 19
20 20
20 20
20 19
20 20
20 19
20 19
2 19
20 19
20 19
20 20
20 19
20 19
2 20
20 19
2 19
20 19
20 19
20 19
20 19
20 19
20 19
20 20
20 19
20 19
20 19
2 20
2 19
20 19
20 19
20 19
15 19
20 19
20 20
20 20
20 19
20 19
20 19
20 20
2 19
20 19
20 19
20 19
20 19
20 20
2 19
20 19
2 19
20 20
20 19
25 19
20 19
2 20
20 19
20 19
20 19
20 19
2 19
20 19
20 20
20 19
20 20
0 20
2 4
33 19
20 7
20 19
20 19
20 19
20 19
20 19
20 19
20 19
2 20
20 19
2 19
20 20
20 19
2 19
20 20
20 19
20 19
20 19
20 19
2 19
20 20
20 20
20 20
2 20
2 19
20 20
2 19
20 20
20 20
20 19
20 20
20 19
20 19
2 19
20 19
20 19
20 19
20 20
24 20
2 19
20 19
20 19
20 20
20 19
2 20
20 19
20 20
20 19
20 20
20 19
2 20
20 19
20 19
2 19
17 19
17 19
20 19
20 19
20 19
20 19
2 20
20 19
20 19
2 19
21 19
20 19
20 20
20 19
20 19
2 19
20 19
20 19
20 19
20 19
20 19
20 19
20 19
20 19
20 19
20 19
2 19
20 21
20 19
20 19
20 19
20 19
20 20
20 19
20 20
2 19
20 20
20 20
20 19
20 19
20 19
20 19
20 20
20 19
20 20
2 19
20 19
20 19
2 20
2 19
20 19
20 19
20 19
20 19
20 19
20 19
20 19
20 19
20 19
2 19
20 19
20 20
20 19
20 20
20 4
22 19
20 19
2 20
20 20
2 20
20 19
20 19
2 19
20 19
20 19
2 19
20 20
20 20
20 19
20 19
20 19
20 19
20 19
20 19
20 19
20 20
20 19
20 19
20 19
20 20
20 19
20 19
20 19
20 19
20 19
20 20
2 20
20 19
20 20
20 19
20 19
2 19
2 20
20 20
20 19
20 20
20 19
20 19
10 19
20 20
20 19
20 19
20 19
20 19
20 19
20 19
20 19
20 19
20 19
20 19
2 19
20 19
20 19
20 20
20 19
20 20
20 19
20 19
20 20
20 19
20 19
2 19
20 19
2 19
20 20
20 19
20 19
13 19
20 19
31 19
20 19
20 20
20 19
20 19
20 19
20 20
20 20
20 20
20 20
20 19
20 19
20 19
20 19
20 19
20 20
20 19
20 20
20 20
20 20
20 19
20 20
20 32
20 19
2 28
20 19
20 20
20 20
2 20
20 19
20 19
2 19
20 20
20 19
2 21
20 19
20 19
20 19
2 19
20 19
20 19
20 19
2 19
20 4
20 19
20 20
20 20
20 19
20 19
20 19
20 19
20 20
2 19
20 20
20 19
20 4
20 19
20 19
20 19
20 19
20 19
20 19
20 5
20 20
20 19
20 34
20 19
20 19
20 19
2 19
20 20
20 19
20 20
20 19
20 20
20 19
20 19
20 19
20 19
12 20
2 19
20 19
20 19
20 19
20 19
20 20
20 19
20 19
20 19
20 20
20 19
20 19
20 26
20 19
20 19
2 19
20 19
23 19
2 29
20 19
20 20
20 19
23 19
20 19
2 19
20 19
2 20
20 29
33 20
20 20
20 19
20 19
20 19
20 19
20 19
20 20
20 22
2 19
2 20
2 19
5 19
20 19
20 19
20 20
20 20
20 20
20 20
20 19
20 19
20 4
2 19
20 19
20 19
20 20
20 19
20 20
20 19
20 20
2 19
20 19
20 20
20 19
2 19
20 19
20 19
20 20
2 19
20 20
20 20
20 20
20 19
20 19
20 19
20 20
20 20
20 19
20 19
20 19
20 19
20 19
2 20
20 4
2 19
20 19
20 20
20 24
20 19
20 19
20 19
2 20
2 19
2 19
11 19
20 19
20 19
2 19
2 20
16 20
20 20
20 20
20 20
20 19
20 20
20 20
20 19
20 20
2 20
20 19
20 19
20 19
20 19
20 19
20 19
20 19
20 20
20 20
20 9
20 19
20 19
20 19
20 19
2 20
20 20
20 20
2 19
20 19
20 20
20 19
2 20
20 19
20 19
20 19
20 19
20 19
20 20
2 19
2 19
20 20
20 19
20 20
20 19
20 20
20 19
20 19
20 19
20 19
20 19
20 19
20 19
2 19
2 19
20 1
20 19
20 19
20 13
20 14
20 19
2 19
20 20
20 19
20 19
20 19
20 20
20 19
20 19
20 19
20 19
20 19
20 19
20 20
2 19
20 19
20 19
20 20
2 19
20 19
20 19
20 20
20 19
20 19
2 19
20 5
20 19
20 19
20 19
20 19
20 19
2 19
20 20
20 20
20 20
20 20
20 20
20 20
20 19
20 19
20 19
12 19
20 34
20 20
20 19
20 20
20 19
20 19
20 19
2 19
20 19
2 19
2 19
2 19
20 19
20 20
20 19
2 19
20 20
20 20
2 20
2 4
2 19
20 19
20 19
2 14
20 19
20 19
20 7
20 20
20 19
2 19
20 19
20 20
20 20
2 19
20 19
20 17
20 19
20 19
20 19
20 20
20 19
20 19
20 19
20 20
20 19
20 19
20 20
20 19
20 19
20 20
20 19
20 19
20 19
2 19
2 19
20 19
20 20
20 19
20 20
20 19
20 19
20 19
20 19
2 19
20 20
20 20
20 19
20 20
20 19
20 20
11 19
20 20
20 19
20 19
2 19
20 20
20 19
20 20
3 19
20 19
20 19
2 19
20 19
20 20
20 19
2 19
20 33
2 20
2 19
20 19
20 19
20 19
20 19
20 19
20 19
20 19
20 20
20 19
20 19
2 20
20 19
20 19
20 19
20 20
20 19
20 19
20 20
20 20
20 20
20 19
20 19
2 20
20 20
2 19
20 19
2 19
20 19
20 19
20 19
20 19
20 20
20 19
2 19
20 10
20 19
20 19
20 20
2 20
2 20
20 20
20 17
20 20
20 19
20 19
2 19
20 19
20 12
20 19
20 19
20 20
20 20
20 20
20 19
20 19
20 19
20 20
2 11
20 19
20 19
20 19
20 19
2 19
20 19
20 20
2 19
20 19
2 19
20 19
11 20
20 20
20 19
20 19
2 19
11 19
20 19
20 19
20 19
20 19
20 19
20 20
20 20
20 20
20 19
20 19
20 20
20 20
20 19
20 19
2 19
20 19
20 20
20 19
20 19
20 20
2 20
20 19
20 19
20 19
20 4
20 20
20 19
20 19
20 20
2 9
20 19
2 20
20 19
20 19
20 20
20 20
2 19
20 19
20 19
20 20
2 19
20 19
7 20
20 19
20 19
20 19
2 19
20 20
2 20
20 19
20 20
20 19
20 19
20 19
20 20
20 20
20 19
20 19
20 19
2 20
20 19
20 19
20 20
20 19
20 19
20 19
20 20
20 19
20 20
20 20
20 19
2 19
20 19
20 19
2 19
20 20
20 19
20 0
20 19
20 19
20 19
20 19
20 19
20 19
2 19
20 20
20 20
20 19
2 5
20 19
20 20
20 20
20 14
2 19
20 19
20 20
20 20
20 19
20 19
20 19
20 19
20 20
2 19
20 19
20 19
20 19
20 19
20 20
20 19
20 19
20 19
20 19
20 19
20 19
20 20
20 19
20 19
20 19
2 19
20 20
20 20
20 19
2 19
20 16
11 19
20 20
20 19
20 19
20 19
20 19
2 19
