5 17
9 8
0 8
24 9
7 3
28 7
14 13
17 27
6 21
6 26
9 9
31 32
5 13
12 14
7 29
23 14
9 6
34 13
11 9
9 29
26 27
9 22
29 3
34 7
9 7
29 17
22 8
9 10
34 9
30 23
9 11
32 3
23 7
14 13
8 16
9 3
9 11
31 23
14 14
28 7
7 31
26 21
0 4
13 27
29 24
7 33
9 30
27 17
0 14
5 8
16 23
10 15
27 11
15 7
0 33
34 14
0 8
9 31
9 29
29 1
23 7
6 3
9 31
4 31
33 7
10 8
14 24
7 14
3 13
9 7
30 7
16 27
9 9
15 13
24 14
32 30
33 9
22 14
28 14
9 15
27 27
17 0
11 16
0 16
14 31
31 14
26 1
28 16
10 33
8 34
31 22
14 7
8 14
32 21
6 26
25 0
7 14
26 30
16 10
12 17
