0 31
8 30
0 3
23 25
4 28
27 26
14 9
16 13
3 11
3 23
8 34
31 27
0 29
13 9
7 0
22 30
8 12
34 11
12 3
9 29
26 12
9 17
28 27
34 3
8 17
29 11
21 16
9 1
34 7
30 14
9 2
31 31
22 17
14 9
7 22
8 7
9 3
31 15
14 10
27 27
7 3
26 8
0 1
14 3
29 14
7 3
9 30
27 8
0 7
0 28
14 34
10 21
26 33
14 14
0 11
34 12
0 3
9 31
9 29
28 26
22 15
0 34
9 32
0 26
33 1
10 13
14 12
6 2
0 17
8 13
29 32
15 3
8 33
14 17
23 30
32 27
33 6
21 28
28 3
9 11
27 14
15 10
12 14
0 8
14 14
31 8
25 15
28 8
11 1
8 1
31 14
14 8
7 17
32 15
3 25
24 14
5 33
26 14
14 31
13 13
