3 28
3 28
1 28
3 28
3 28
3 28
3 28
3 28
3 28
3 28
3 28
3 28
3 24
3 28
3 28
3 28
3 28
34 28
3 28
3 28
3 28
3 28
3 28
3 28
3 28
3 28
3 28
3 28
3 28
3 28
3 28
3 28
3 28
3 28
3 28
3 28
3 28
3 28
3 28
3 28
3 28
3 28
0 28
3 28
3 28
3 28
3 28
3 28
2 28
3 24
3 28
3 28
3 28
3 28
2 28
34 28
1 28
3 28
3 28
3 28
3 28
3 28
3 28
3 24
3 28
3 28
3 28
3 28
2 28
3 28
3 28
3 28
3 28
3 28
3 28
3 28
3 28
3 28
3 28
3 28
3 28
3 28
3 28
2 28
3 28
3 28
3 28
3 28
3 28
3 28
3 28
3 28
3 28
3 28
3 28
3 28
3 28
3 28
3 28
3 28
