16 20
10 34
32 29
13 19
23 9
5 24
6 10
3 0
10 15
13 21
19 0
9 15
8 1
24 6
2 33
2 31
8 20
11 26
32 26
33 6
4 31
23 28
8 10
14 15
27 17
1 28
7 23
0 7
25 2
29 34
24 26
16 11
24 4
29 8
2 29
26 0
28 22
24 10
10 15
33 5
15 15
30 31
3 4
2 17
26 10
25 34
11 10
11 32
17 22
1 19
3 15
25 27
13 11
12 17
25 10
7 20
7 27
23 1
29 13
22 27
5 1
28 3
10 18
16 2
9 25
18 10
12 16
18 13
11 14
16 23
29 34
14 22
34 5
14 21
11 9
32 31
26 8
24 0
1 16
28 25
26 20
30 0
33 29
7 3
6 28
33 12
29 0
6 10
17 8
16 19
22 20
2 13
34 10
32 18
6 14
1 32
26 34
25 11
27 29
25 5
21 18
15 17
12 3
11 20
1 33
7 0
12 16
24 28
12 16
28 5
19 13
13 10
29 25
11 22
28 2
24 8
6 10
10 22
16 24
23 7
2 14
3 30
26 14
31 27
27 19
33 28
8 20
18 27
3 10
33 5
27 21
12 9
0 21
33 14
16 7
31 5
4 31
12 28
14 21
31 15
27 3
21 4
21 23
4 22
11 16
19 1
2 9
17 12
26 21
25 31
2 17
26 31
24 13
28 9
28 27
26 11
28 13
29 22
2 10
21 16
20 30
12 16
31 13
12 6
22 6
12 5
30 23
15 12
23 8
18 20
33 3
16 20
9 6
2 28
3 24
18 18
2 27
20 14
21 0
12 15
15 9
24 15
7 3
28 11
14 13
11 18
12 34
32 34
25 7
17 28
3 5
5 28
27 13
30 3
26 3
32 8
21 32
13 3
11 1
30 1
34 23
16 12
20 5
5 23
9 27
30 20
18 18
10 11
19 23
30 2
31 22
7 9
34 32
11 4
6 22
31 1
0 33
5 12
13 22
12 10
23 9
27 14
27 14
30 23
23 22
22 7
8 30
16 34
29 2
14 28
19 11
33 20
3 29
32 28
33 14
34 7
32 20
6 1
17 3
5 3
15 33
15 28
10 21
10 20
32 8
9 4
12 29
27 7
13 2
20 24
5 17
10 16
29 16
8 32
30 2
18 33
21 19
21 9
31 7
6 33
21 30
16 0
10 32
34 0
34 23
10 17
31 13
33 13
16 6
4 9
32 7
19 11
3 2
10 23
5 7
12 28
16 21
7 30
25 30
19 8
12 3
6 9
1 10
4 21
27 22
28 10
22 28
4 25
22 5
1 23
8 0
30 5
34 31
15 34
13 1
20 10
19 1
32 9
23 8
29 15
17 13
10 23
28 32
3 2
12 16
16 1
10 1
10 26
34 2
20 11
23 31
31 17
21 31
11 28
24 8
19 31
18 4
1 4
28 21
7 28
31 14
14 22
4 3
3 28
5 6
13 26
26 7
34 16
3 25
2 16
30 25
24 17
2 22
16 9
14 31
5 16
14 5
31 23
26 2
2 1
30 7
4 2
31 15
28 18
13 0
16 9
15 9
27 23
24 19
9 33
3 5
5 21
23 11
27 8
34 6
8 31
20 9
26 3
21 16
18 9
28 4
16 7
29 29
8 30
27 17
27 17
31 11
9 27
26 3
8 7
8 31
21 4
8 30
7 18
21 24
24 3
21 13
11 24
10 31
34 0
6 10
11 8
8 5
1 20
29 18
16 2
0 1
2 9
31 26
34 4
1 7
9 6
12 16
6 13
23 1
9 6
11 7
28 17
17 12
8 3
8 17
28 6
17 8
8 20
32 1
13 8
30 2
22 32
29 16
5 5
11 15
26 0
34 32
2 26
18 14
24 8
27 5
9 7
18 32
26 33
12 34
29 16
31 17
19 8
27 32
1 14
20 13
0 10
9 33
12 1
17 11
15 7
7 4
16 18
9 18
17 12
31 16
0 2
0 22
29 32
8 9
23 26
4 11
19 32
18 4
26 9
9 20
31 23
21 18
26 32
3 13
15 34
18 10
5 8
11 16
28 28
34 2
5 0
19 10
30 22
6 16
28 24
7 25
22 6
24 2
29 27
18 10
6 3
17 4
4 19
30 17
4 20
2 8
28 22
22 25
21 0
32 10
14 3
18 13
2 32
17 21
6 32
5 4
18 15
25 1
21 9
27 14
9 14
4 2
24 25
34 24
0 29
11 3
18 4
14 29
3 11
2 21
6 14
30 9
8 16
24 7
24 19
23 6
10 5
25 21
26 12
17 31
0 15
28 29
33 32
12 14
24 4
19 11
25 16
3 11
24 29
5 1
13 13
16 12
17 8
17 30
22 31
24 8
18 24
4 6
3 2
11 17
3 28
14 32
27 20
3 8
4 29
13 14
21 2
27 11
17 10
14 25
29 34
24 18
20 0
10 23
1 28
22 9
15 22
9 14
18 8
4 25
1 5
30 5
6 8
7 4
6 0
4 25
15 33
29 22
31 11
17 5
4 4
34 26
18 33
0 31
16 9
3 10
18 32
24 28
22 23
19 32
26 6
2 4
9 19
13 20
11 1
18 18
0 7
32 9
28 33
2 16
10 16
24 11
19 18
22 5
17 12
34 23
17 23
7 2
20 33
3 24
20 1
2 16
0 25
27 25
29 28
29 24
25 20
28 13
1 18
11 33
28 10
15 1
5 8
9 32
15 10
27 8
16 17
9 1
18 7
4 20
3 22
13 18
15 15
2 7
30 28
5 9
30 11
34 33
26 13
26 15
15 23
31 34
11 15
23 0
19 21
17 18
0 4
23 31
10 21
10 29
2 3
6 17
19 23
19 16
16 31
16 27
9 12
0 12
27 30
29 26
23 15
27 0
2 11
3 20
24 10
3 10
5 12
6 2
4 4
31 4
28 27
1 13
2 8
11 2
13 10
8 9
16 2
12 25
20 3
6 5
4 2
2 7
12 8
10 31
2 26
34 0
32 26
21 31
30 1
2 15
23 20
5 6
20 14
13 4
19 21
13 15
22 10
20 5
28 32
8 30
12 33
28 18
3 26
17 4
4 10
1 20
29 8
29 11
28 11
15 25
29 10
14 1
15 2
17 7
1 11
25 15
34 13
6 31
20 24
19 17
12 15
28 1
33 21
15 16
17 33
14 1
34 0
6 8
0 18
17 27
0 3
26 23
0 24
13 5
5 2
33 17
6 8
15 34
24 34
34 13
27 16
11 5
2 28
11 16
12 20
9 21
5 1
17 14
25 19
33 23
1 4
12 30
2 10
20 4
34 34
20 7
25 21
13 15
13 33
29 27
14 25
34 16
4 6
17 2
24 30
7 30
18 16
20 22
26 23
16 33
19 12
0 31
22 2
34 9
12 19
27 29
32 7
5 10
29 0
9 0
26 27
21 9
31 24
18 4
30 20
12 27
32 23
5 13
11 24
33 31
16 7
2 21
28 4
14 21
10 13
0 9
19 11
33 11
21 1
2 26
28 2
7 18
12 7
23 23
12 19
5 34
21 0
34 27
15 15
5 18
15 34
23 9
28 0
28 29
3 28
14 17
14 33
24 3
14 10
15 24
11 25
4 24
31 7
24 20
26 30
27 33
11 28
21 14
15 11
6 13
10 2
10 34
34 0
34 26
29 23
31 7
34 3
14 20
16 19
26 27
12 4
18 18
10 28
13 20
13 32
23 4
9 32
32 1
13 0
26 21
25 16
28 20
16 8
1 7
26 18
34 2
30 9
34 8
9 29
28 19
25 12
33 21
13 27
7 13
22 34
14 25
7 14
6 28
5 6
29 5
24 32
21 4
17 27
5 33
10 31
6 25
1 22
6 13
4 1
21 33
15 23
1 18
8 18
25 27
25 32
3 10
16 13
25 0
5 12
7 16
1 9
31 13
11 33
19 11
13 9
10 2
16 19
16 8
5 18
8 5
7 10
18 12
16 16
28 6
2 25
32 4
10 26
9 9
32 20
10 4
15 5
19 23
21 8
23 28
2 30
32 26
30 30
23 27
24 22
34 25
32 16
18 31
4 16
4 1
34 22
20 21
5 0
28 30
0 2
11 2
34 31
24 12
24 5
5 26
32 8
24 18
4 23
22 30
6 20
5 11
5 7
6 12
25 3
28 30
3 32
4 3
9 8
7 24
34 33
19 34
26 8
34 28
19 10
22 8
8 28
28 33
33 16
10 22
3 18
34 29
32 27
26 11
2 14
16 12
30 8
30 24
21 13
2 33
28 20
28 23
19 5
22 3
7 3
20 29
34 32
0 9
27 18
6 21
5 22
34 2
15 6
24 15
3 25
0 21
23 1
17 30
17 29
10 8
33 29
17 26
24 14
30 17
33 27
0 29
5 3
16 5
10 4
32 5
20 29
24 15
31 1
16 29
25 24
27 33
26 0
9 6
32 17
30 17
3 9
28 18
31 27
24 0
20 2
31 10
3 31
23 8
7 27
23 28
13 31
8 20
25 17
15 11
28 28
