11 13
12 16
21 14
25 2
28 13
11 0
17 15
30 28
9 15
34 2
2 15
23 11
18 1
8 24
10 6
32 20
26 18
5 0
8 2
3 21
30 30
27 2
13 4
6 18
30 26
21 30
12 18
25 14
25 9
8 11
2 19
13 5
22 23
20 18
10 15
23 28
26 17
3 22
17 25
0 2
18 3
10 18
28 9
1 25
15 12
10 15
7 23
21 16
0 20
0 24
16 34
22 21
10 26
3 34
1 34
33 8
5 9
14 16
24 25
8 29
11 22
7 11
18 9
21 21
34 16
29 3
33 9
1 10
31 16
23 2
9 5
34 12
13 10
2 24
28 4
15 5
3 24
10 19
27 6
9 12
5 19
0 19
13 22
30 33
0 24
15 18
33 24
24 5
28 8
28 12
0 20
11 10
24 29
6 10
33 24
4 22
8 1
0 10
9 3
6 20
27 24
1 25
0 17
11 10
4 11
32 34
14 13
10 9
2 1
17 11
27 25
13 10
11 21
17 9
11 10
0 4
14 17
7 13
4 15
28 14
23 32
12 6
29 14
0 16
28 30
20 24
20 20
26 33
2 2
16 27
33 27
31 8
20 2
23 4
34 11
27 13
9 17
22 30
22 26
12 24
7 29
34 18
0 5
30 16
4 15
6 33
3 17
1 13
25 0
22 18
15 20
22 9
26 15
33 14
8 0
12 31
13 19
1 18
6 12
20 14
4 27
1 8
28 3
19 6
28 17
10 23
22 4
14 22
28 5
3 17
23 22
17 21
32 33
21 33
9 26
11 1
30 28
4 12
0 19
25 28
6 16
9 32
29 21
29 16
6 24
24 20
28 4
14 2
20 30
8 27
32 28
34 4
13 15
10 4
12 0
13 18
25 23
15 28
12 30
33 34
18 25
22 7
6 10
1 24
19 17
21 14
3 9
1 32
14 20
11 16
9 21
7 17
31 21
17 2
13 1
0 11
10 26
10 12
25 2
20 18
9 0
10 32
8 24
22 14
4 33
32 22
29 4
4 10
8 1
16 25
19 0
34 9
17 20
6 16
17 24
20 25
17 22
26 5
3 10
25 24
8 14
28 33
3 5
31 32
20 23
25 10
25 33
30 19
32 11
5 5
14 3
28 29
30 8
13 2
23 2
27 10
26 3
32 10
4 29
18 10
20 1
26 20
16 16
7 26
28 0
29 20
29 13
15 13
30 28
8 14
32 10
15 5
18 29
8 9
3 21
17 14
31 0
24 3
20 17
21 22
18 6
34 33
28 28
11 14
17 18
11 0
22 12
14 18
4 22
28 34
10 28
5 10
25 29
13 21
16 14
23 22
33 27
23 31
6 7
24 14
18 29
20 13
32 6
31 31
12 19
7 1
22 8
12 34
33 22
32 6
29 5
21 27
14 29
28 26
19 16
5 32
28 17
16 14
27 34
28 6
32 19
27 19
34 16
9 22
7 32
9 9
24 33
15 14
11 22
16 7
12 6
32 27
15 0
33 10
13 15
8 7
21 24
3 33
0 28
24 20
7 16
34 5
12 17
22 20
13 15
33 30
2 16
25 27
11 9
31 10
9 10
15 1
29 21
20 26
24 3
28 19
12 4
28 7
19 6
26 6
24 8
21 0
4 25
21 32
24 4
19 18
7 15
27 29
5 26
2 22
34 28
5 9
13 7
1 10
29 19
11 11
33 12
15 23
2 34
0 10
15 32
12 31
25 3
16 29
16 28
1 22
14 23
6 9
21 12
1 3
13 5
29 19
15 17
1 10
7 9
24 15
26 23
14 29
17 26
5 33
7 11
27 1
18 19
14 8
17 22
24 13
28 19
19 24
1 14
4 9
19 17
1 10
17 13
11 4
5 6
32 30
22 8
27 14
18 21
3 14
11 25
22 33
21 18
27 21
1 27
30 9
3 18
11 13
29 9
5 13
25 0
32 11
17 5
32 0
17 25
19 9
26 20
6 22
26 20
3 18
11 6
30 33
6 15
2 21
4 22
13 12
26 17
0 13
18 7
4 30
1 1
0 23
29 14
6 31
22 28
24 1
32 27
20 33
14 10
11 30
18 5
14 14
0 3
22 15
13 14
7 23
7 1
15 27
9 7
13 24
8 21
34 34
24 1
27 3
16 18
15 8
12 2
12 16
20 27
18 0
6 31
13 15
7 17
10 18
3 6
1 31
19 17
2 1
6 24
4 10
23 27
31 31
4 18
30 10
26 1
2 7
1 18
24 0
27 1
23 27
22 19
33 27
30 29
13 29
12 34
28 14
26 22
22 5
1 13
21 29
33 27
3 10
18 13
14 15
17 26
32 13
1 18
19 23
26 24
18 22
31 9
33 29
0 11
26 7
20 31
14 28
0 34
32 13
30 10
15 11
11 23
0 10
19 14
17 20
34 33
20 12
14 29
0 0
34 20
27 27
0 29
28 2
3 26
19 2
10 34
30 3
1 13
25 23
6 32
3 4
13 20
13 0
23 13
1 11
15 27
9 11
27 5
3 5
17 24
22 9
26 13
17 2
14 0
25 3
0 29
9 26
10 25
30 9
23 28
13 18
0 13
26 6
4 20
17 18
11 26
26 13
4 16
12 4
1 5
0 8
1 27
28 22
34 3
13 31
29 6
34 31
33 14
34 16
24 11
11 29
30 0
29 32
21 28
8 20
20 8
12 29
24 20
18 5
28 22
3 22
3 24
13 24
1 7
1 9
30 4
4 16
27 1
20 18
22 5
22 25
31 24
32 15
8 15
31 4
32 20
10 1
17 11
5 8
11 31
17 10
10 33
29 19
22 2
1 6
9 8
27 1
27 5
32 23
19 15
28 17
5 5
32 13
17 21
34 28
19 21
0 29
3 34
32 28
8 26
10 31
30 9
2 0
4 18
9 3
19 23
3 13
16 23
15 3
10 5
33 32
19 6
32 33
17 31
27 0
11 2
0 22
33 27
2 15
12 24
33 19
32 12
27 27
21 15
31 32
2 32
25 34
30 3
22 7
19 26
9 9
19 31
10 1
15 30
10 5
5 30
12 23
21 18
2 4
17 26
9 10
29 1
7 29
18 12
25 27
15 15
11 34
12 23
23 13
20 24
26 16
0 30
22 33
14 21
26 4
7 8
29 17
27 3
30 25
7 29
14 14
3 31
18 21
12 1
18 5
22 3
17 11
14 29
19 12
6 14
21 3
7 26
29 5
32 15
31 13
19 16
28 33
22 16
0 29
30 17
0 21
28 33
28 6
1 6
4 17
0 30
7 29
20 23
24 30
5 0
26 21
25 3
25 31
1 25
9 18
17 20
10 2
11 20
33 27
6 10
8 1
29 2
34 12
14 29
27 28
28 17
28 26
25 9
24 12
25 12
8 0
8 31
26 19
15 26
30 34
20 31
21 25
5 7
29 28
21 21
23 29
34 32
7 0
13 6
31 28
20 2
31 12
0 18
6 0
16 1
9 30
0 29
32 24
6 19
5 1
23 13
28 26
10 16
25 13
9 23
5 34
11 27
0 29
8 15
26 27
3 3
20 11
26 16
29 9
4 12
0 13
20 13
28 7
16 20
29 30
0 28
34 16
9 24
12 7
0 1
21 8
10 18
7 3
13 29
20 28
20 31
22 34
3 9
4 30
19 24
2 20
14 5
26 34
25 10
8 17
18 18
20 26
23 5
7 26
30 24
34 32
1 24
13 8
28 15
1 13
8 7
3 0
14 7
3 12
34 13
3 30
21 27
7 11
15 16
31 3
5 26
24 25
2 31
24 29
24 32
7 4
0 9
22 30
7 18
4 18
12 9
5 10
14 14
3 11
19 14
16 8
2 30
8 20
10 2
27 32
10 12
11 22
29 3
2 10
29 14
32 33
27 24
34 11
21 28
2 22
8 24
32 21
31 22
17 3
13 15
27 18
28 11
16 4
28 3
0 4
7 18
21 22
10 2
1 19
20 6
30 12
21 8
24 31
21 12
28 3
32 34
30 20
2 22
27 21
11 33
6 16
26 33
2 5
2 6
30 29
6 11
31 32
15 22
24 18
24 19
25 14
32 31
3 7
25 27
11 0
29 34
23 19
22 4
17 33
17 23
6 4
23 19
3 1
28 1
24 15
23 11
24 34
15 6
24 4
10 16
19 12
8 17
30 5
18 4
16 18
2 25
18 22
26 22
34 10
9 29
1 22
30 31
31 32
20 10
27 20
13 5
10 19
15 29
9 0
15 21
3 24
34 28
25 19
17 6
16 21
16 10
0 9
4 7
27 21
20 17
1 8
34 26
15 3
14 14
8 30
11 11
17 10
10 16
23 21
6 34
20 29
21 21
34 21
14 29
2 25
16 10
27 6
8 29
23 34
25 34
10 16
8 16
32 11
28 11
29 11
4 9
13 17
12 5
6 6
30 25
16 25
9 13
27 31
1 5
0 19
18 8
0 20
17 2
7 15
15 8
0 29
14 24
3 5
12 15
7 3
16 11
26 7
19 16
10 17
25 31
17 16
