4 5
1 0
4 23
14 9
18 15
8 12
9 31
8 6
33 16
16 29
12 3
10 1
11 18
32 23
11 11
9 31
25 24
9 7
16 34
4 13
24 22
0 21
21 33
10 18
31 10
32 4
34 30
32 12
26 9
21 23
10 9
8 16
21 6
4 33
33 33
32 14
26 11
14 16
14 25
6 34
21 21
7 16
13 33
17 10
8 28
26 15
10 30
0 31
29 29
21 32
22 6
31 10
8 14
10 20
9 21
25 11
25 15
18 20
14 30
29 28
24 18
31 16
9 23
7 28
7 22
23 9
18 2
22 6
2 20
19 19
13 6
30 24
10 7
33 8
25 1
25 32
24 5
7 18
10 8
31 34
29 21
33 3
11 30
13 8
34 2
29 28
29 4
9 11
21 27
18 14
21 29
32 21
8 19
10 12
33 5
18 23
24 16
23 4
0 30
1 10
4 3
12 2
31 26
19 31
7 25
28 21
4 23
14 11
21 21
14 5
30 4
20 29
24 31
18 33
1 33
20 4
10 18
3 30
31 23
32 31
25 28
16 16
19 14
31 19
13 11
29 14
23 11
4 12
22 29
22 10
9 3
24 29
4 20
2 30
15 2
28 2
21 26
20 3
16 25
9 7
21 25
32 34
13 24
10 0
12 0
6 34
6 12
0 10
25 6
1 13
5 13
13 8
8 29
15 4
22 7
22 16
16 14
14 32
14 7
17 29
0 14
19 31
34 27
0 14
27 1
11 0
3 6
6 15
34 30
27 22
23 14
12 10
25 14
2 6
28 16
13 28
0 13
21 15
11 2
21 7
6 13
0 9
26 28
30 28
25 30
17 5
31 20
2 21
19 25
19 20
4 15
20 23
27 25
2 22
10 21
34 20
20 32
8 26
24 1
11 8
34 5
18 13
11 24
7 28
28 23
5 6
11 6
20 3
12 17
12 25
32 10
26 15
15 25
23 17
28 15
26 32
25 8
24 11
23 0
26 18
10 3
15 3
8 10
21 20
26 22
14 9
7 26
5 13
14 29
26 10
20 23
12 20
26 13
8 20
33 28
23 26
27 33
11 22
21 21
16 34
32 29
21 14
28 32
18 34
30 9
17 7
8 16
4 1
22 19
23 14
28 15
2 16
12 23
32 4
31 31
32 19
31 18
10 30
24 14
8 16
29 1
5 6
23 9
18 22
19 10
26 17
29 15
4 21
1 23
30 20
15 16
0 22
27 24
15 16
7 2
33 34
20 2
24 2
12 34
22 30
11 22
30 0
17 24
11 2
3 14
29 19
32 8
3 28
27 11
3 22
30 11
19 7
0 9
5 23
27 4
5 20
8 11
16 29
7 21
9 29
12 12
0 4
0 1
22 25
29 28
5 29
22 25
2 33
32 28
1 32
2 4
12 11
25 26
19 19
22 33
8 9
16 10
13 24
27 32
24 28
31 30
22 7
32 12
26 1
2 1
26 18
25 21
26 15
4 15
22 34
22 11
7 33
14 8
24 16
28 29
15 1
21 10
2 25
12 7
1 32
19 7
0 31
22 20
26 31
8 20
15 33
10 22
4 19
23 30
27 17
8 13
30 32
7 6
29 30
3 15
23 1
14 28
0 27
32 31
6 31
28 31
26 32
31 8
33 13
6 28
22 13
11 15
26 19
4 34
11 1
6 8
32 9
3 8
9 6
3 16
7 0
16 9
9 11
10 33
2 12
14 24
31 1
32 4
5 8
17 3
25 28
17 21
6 0
34 21
24 27
33 19
24 22
21 18
22 33
25 9
26 3
9 8
15 29
29 14
33 30
25 4
28 23
32 31
23 25
29 14
11 5
4 12
26 16
9 5
20 5
26 6
23 5
16 26
5 10
22 2
14 24
2 30
32 2
8 14
0 24
32 2
6 17
3 29
17 24
0 14
30 10
20 33
30 16
24 29
14 24
19 4
20 16
11 6
11 33
26 24
18 11
18 9
12 25
16 6
19 9
31 21
11 30
30 4
2 16
19 5
14 34
27 14
34 25
2 11
4 15
1 20
18 17
33 3
22 31
17 9
15 10
23 3
24 29
32 0
28 26
22 10
0 15
1 29
20 17
2 12
7 6
5 25
19 3
17 34
2 33
22 4
30 3
17 20
15 30
19 1
15 6
5 15
17 34
32 5
29 9
3 5
33 6
5 30
10 16
18 33
28 14
1 12
34 26
3 29
34 17
7 20
10 10
11 3
16 11
20 33
20 3
0 15
10 31
17 21
1 26
32 12
0 24
12 26
24 31
13 26
3 14
23 19
30 27
5 13
0 32
26 2
8 14
26 2
32 4
25 5
20 22
5 26
29 10
23 20
8 26
32 1
34 18
0 4
15 22
9 22
25 15
4 17
19 17
22 14
26 26
7 31
16 15
1 25
15 22
29 30
31 5
5 1
32 22
5 22
20 23
30 5
24 21
9 17
3 29
13 13
20 29
32 19
9 30
6 28
20 25
22 34
29 16
12 14
0 30
34 11
26 25
2 28
13 15
32 16
34 9
25 16
23 23
9 25
7 22
7 21
8 15
7 33
26 33
5 33
25 14
3 25
30 1
5 23
23 22
5 8
20 25
4 18
24 14
12 0
18 29
29 14
19 1
12 11
15 34
30 19
9 15
33 17
28 12
12 8
22 4
29 10
16 23
12 18
7 26
11 22
19 8
15 20
31 14
31 20
29 23
1 18
7 11
6 10
3 0
19 1
9 5
24 25
4 4
20 8
19 33
21 8
34 17
12 27
15 26
2 5
22 7
15 11
5 3
6 17
30 22
33 6
32 20
33 25
2 32
17 15
30 31
29 31
1 4
29 21
31 34
9 6
7 25
21 23
7 3
11 12
25 2
5 13
20 26
29 31
29 34
2 4
17 5
8 15
0 13
30 24
14 18
26 33
22 32
7 13
8 4
28 16
13 31
1 18
1 2
10 16
17 32
30 1
0 12
19 6
0 6
23 8
9 14
9 2
28 5
16 8
11 4
25 30
13 25
30 8
1 13
9 6
31 31
2 18
9 12
11 16
28 3
20 33
31 25
0 34
1 14
15 9
33 22
0 21
8 20
8 10
28 26
22 5
5 8
25 12
7 9
20 22
10 25
29 29
26 29
12 1
4 16
4 24
4 26
12 22
3 9
34 30
16 4
7 32
32 16
27 24
0 20
6 32
32 26
13 15
7 30
0 11
17 21
30 2
21 16
5 9
19 31
30 33
22 28
24 7
21 21
13 1
25 22
15 27
27 33
32 22
28 20
20 19
4 25
33 25
23 8
11 32
27 9
23 10
3 31
26 1
24 0
34 24
7 27
23 22
25 3
24 20
5 17
14 26
10 33
18 4
8 22
17 7
34 3
27 8
27 24
26 20
31 18
28 23
26 32
24 5
26 2
0 28
23 30
23 11
24 25
26 16
32 9
23 0
15 1
2 19
31 31
8 11
5 7
14 24
33 23
26 5
25 11
20 27
17 5
9 20
23 5
25 31
0 10
27 34
21 11
8 22
30 1
20 30
0 25
22 16
22 18
25 22
22 16
1 14
32 2
1 33
15 28
10 16
21 8
0 13
27 9
5 27
15 9
9 26
19 22
34 11
26 31
30 19
30 26
34 7
22 27
18 2
4 18
24 31
15 11
8 22
17 27
22 7
29 12
13 6
4 11
12 32
17 13
31 32
2 34
4 30
31 0
18 15
5 33
14 9
11 2
14 17
17 7
24 23
16 31
5 12
22 18
8 19
28 5
10 6
3 26
33 22
5 26
18 3
9 15
25 22
20 10
30 17
17 18
0 29
5 8
12 18
29 31
12 13
11 27
13 10
20 19
10 12
2 18
7 30
19 8
4 3
16 27
10 31
29 1
29 6
2 32
26 28
22 5
3 19
17 24
25 14
22 30
9 0
7 26
22 3
3 28
15 11
16 7
7 24
3 8
32 2
18 18
15 11
0 21
12 31
19 11
15 30
23 24
15 5
30 34
10 10
9 34
10 1
8 17
29 32
33 23
14 34
28 6
5 30
13 29
32 23
26 3
8 13
20 33
27 6
6 16
3 23
2 26
25 16
5 16
8 18
9 4
24 27
2 14
0 12
7 20
2 21
3 14
21 34
20 27
27 26
24 23
33 18
9 10
20 23
33 2
33 26
21 18
26 6
20 18
26 29
12 6
10 26
18 20
26 26
4 23
23 10
16 30
7 0
10 10
34 33
28 29
28 33
16 13
15 33
3 10
18 28
32 18
10 2
6 30
31 12
9 0
30 0
13 28
10 17
16 19
20 8
31 6
10 30
22 20
17 5
27 2
14 1
25 16
9 13
23 9
22 18
20 20
17 19
22 11
17 19
6 30
12 26
3 14
22 7
20 27
15 2
17 28
19 2
19 3
13 33
16 33
29 18
18 17
20 26
27 5
8 20
21 26
18 12
17 29
13 12
34 5
12 7
30 1
10 27
12 2
10 17
33 9
26 11
21 1
13 26
32 22
19 1
16 28
