4 28
4 28
4 28
4 28
4 28
4 27
4 27
4 27
4 28
4 27
4 28
4 27
4 27
4 27
4 28
4 28
4 28
4 28
4 27
4 28
4 28
4 28
4 28
4 28
4 27
4 27
4 28
4 28
4 28
4 28
4 28
4 28
4 27
4 28
4 27
4 28
4 28
4 28
4 28
4 27
4 27
4 28
4 28
4 28
4 27
4 28
4 28
4 27
4 28
4 28
4 27
4 27
4 28
4 27
4 28
4 27
4 27
4 28
4 28
4 28
4 27
4 28
4 28
4 28
4 28
4 27
4 28
4 28
4 28
4 28
4 28
4 28
4 28
4 27
4 28
4 27
4 28
4 28
4 28
4 27
4 28
4 27
4 28
4 28
4 28
4 28
4 28
4 28
4 28
4 27
4 28
4 27
4 28
4 28
4 27
4 28
4 27
4 27
4 27
4 28
