0.00 1.47 3.07 3.01 2.93 5.14 6.54 6.79 7.78 3.58 9.30 10.38 13.10 14.35 16.04 13.10 10.28 13.78 14.61 11.13 12.26 14.71 12.01 9.57 14.39 17.08 15.20 12.68 17.82 19.65 22.66 22.49 19.48 23.94 23.63 19.63 17.36 14.90 15.22 14.90 11.90 10.64 12.26 11.04 7.78 8.93 10.65 8.98 6.12 9.00 11.27 8.93 6.53 11.89 13.34 14.36 14.36 11.17 9.64 12.03 11.29 3.30 7.02
1.47 0.00 1.29 3.31 3.42 3.14 4.94 5.21 7.59 7.60 9.87 8.83 10.76 11.35 12.63 9.72 7.13 10.09 11.31 8.01 8.95 11.49 10.03 7.49 11.99 14.72 14.36 11.86 16.21 17.80 21.06 20.61 18.38 23.01 22.53 18.63 16.16 14.59 14.35 12.80 10.15 9.71 9.97 7.44 5.13 6.82 7.37 2.84 3.74 5.82 6.78 3.31 3.67 8.00 9.19 11.18 10.40 7.01 7.36 9.39 8.57 2.82 7.38
3.07 1.29 0.00 1.25 3.21 3.30 2.75 2.90 3.46 3.46 5.01 5.30 7.51 8.62 10.72 8.94 5.13 10.12 10.86 7.23 9.27 12.00 8.38 7.43 12.70 15.29 13.53 11.95 17.22 19.68 22.41 21.00 19.02 24.16 24.80 20.79 19.33 16.40 16.10 16.38 13.72 11.73 12.89 11.84 8.49 8.89 10.69 8.77 5.61 7.75 10.00 7.27 3.55 7.98 8.36 8.64 9.84 7.71 3.17 6.81 8.50 3.78 2.65
3.01 3.31 1.25 0.00 1.27 3.09 2.96 4.48 6.80 6.44 9.47 9.13 12.13 13.45 14.21 11.02 9.33 12.31 11.97 8.41 10.11 12.50 7.74 6.44 11.91 14.39 10.95 9.52 15.59 18.29 20.86 19.48 16.85 21.93 22.20 17.89 16.73 13.67 13.87 14.64 12.04 9.93 11.87 11.82 8.31 7.89 10.74 10.60 7.10 9.54 12.08 10.94 6.33 12.16 14.52 16.35 16.84 13.68 10.49 14.51 14.55 6.53 9.84
2.93 3.42 3.21 1.27 0.00 1.30 3.18 5.69 8.68 9.40 11.86 10.72 12.64 12.91 13.26 9.98 8.82 10.90 10.13 6.95 7.77 9.85 6.53 3.58 8.79 11.34 9.41 7.00 12.49 14.43 17.41 16.60 14.06 18.89 19.02 15.03 13.25 10.64 10.29 10.25 7.69 5.61 7.33 6.98 4.00 4.03 6.17 6.82 4.05 6.63 9.31 9.13 7.04 11.86 14.12 16.83 16.64 13.21 12.36 15.39 14.43 6.73 11.71
5.14 3.14 3.30 3.09 1.30 0.00 1.35 3.26 6.81 9.15 10.68 7.79 8.24 7.91 9.16 6.39 3.59 6.27 6.97 3.42 4.37 6.75 4.10 3.85 7.36 10.06 10.10 8.90 12.15 14.09 16.96 16.21 14.74 19.60 20.86 17.11 16.15 13.44 12.02 12.29 10.77 7.79 7.93 8.54 5.97 3.83 5.85 6.81 3.83 4.05 6.39 7.40 3.55 6.42 9.44 12.26 14.15 11.76 8.92 12.84 14.40 8.85 10.68
6.54 4.94 2.75 2.96 3.18 1.35 0.00 1.27 4.49 7.54 9.46 7.21 10.00 11.37 10.66 7.18 7.99 9.89 8.75 5.56 7.70 10.26 5.32 5.13 10.58 13.04 10.78 9.65 15.09 17.90 20.41 18.55 16.73 22.07 23.01 18.84 18.01 14.90 14.43 15.35 13.19 10.49 12.06 12.56 9.47 7.78 10.59 11.16 7.57 9.28 11.99 12.68 7.37 12.02 15.04 17.50 18.96 16.15 11.12 16.87 17.75 10.36 12.92
6.79 5.21 2.90 4.48 5.69 3.26 1.27 0.00 1.37 3.99 6.07 3.91 6.64 7.89 7.52 4.07 4.41 6.62 6.63 3.58 6.39 9.07 6.44 7.25 11.38 13.60 12.93 12.13 16.79 19.47 21.88 19.09 18.95 24.39 25.64 21.43 20.71 17.61 17.03 17.90 15.77 13.04 14.08 14.15 11.03 9.73 11.86 11.15 7.98 8.65 10.78 10.31 4.93 9.22 11.96 13.94 15.73 13.55 7.23 13.52 15.35 9.42 9.95
7.78 7.59 3.46 6.80 8.68 6.81 4.49 1.37 0.00 1.39 3.03 2.91 5.83 8.36 9.94 6.22 5.89 9.90 10.83 7.91 10.72 13.43 9.64 10.74 15.50 17.78 16.28 15.75 20.68 23.39 25.89 23.13 22.58 28.04 29.26 25.07 24.25 21.19 20.59 21.30 19.10 16.46 17.48 17.29 14.07 13.09 14.81 13.51 10.39 11.44 13.23 11.43 6.63 10.67 12.84 13.70 15.40 13.44 5.29 12.57 14.51 9.35 8.42
3.58 7.60 3.46 6.44 9.40 9.15 7.54 3.99 1.39 0.00 1.35 3.26 6.58 8.64 11.07 7.89 6.82 11.94 13.58 10.86 13.28 16.05 13.03 13.31 18.12 20.58 19.31 18.29 23.19 25.53 28.28 26.33 25.22 30.46 31.30 27.33 25.27 22.73 22.51 22.68 19.82 18.01 18.92 18.12 14.80 14.42 15.87 13.99 11.05 12.21 13.45 10.60 6.95 10.41 11.26 11.16 13.01 11.37 3.26 9.79 11.69 7.05 5.28
9.30 9.87 5.01 9.47 11.86 10.68 9.46 6.07 3.03 1.35 0.00 1.32 3.42 6.53 8.62 4.75 6.79 10.81 12.36 11.39 13.52 15.99 14.55 14.98 19.10 21.34 21.28 20.22 24.59 26.76 29.42 26.94 26.92 32.16 33.22 29.31 27.80 25.01 24.35 24.50 22.17 19.83 20.40 19.81 16.62 15.74 17.11 15.49 12.43 13.15 14.87 12.48 8.70 11.34 12.85 12.75 14.70 13.61 4.30 11.99 13.99 10.15 7.55
10.38 8.83 5.30 9.13 10.72 7.79 7.21 3.91 2.91 3.26 1.32 0.00 1.33 4.03 6.13 3.49 4.07 7.62 9.01 7.70 9.88 12.38 11.09 11.71 15.46 17.66 18.10 17.23 20.99 23.27 25.85 23.26 23.41 28.71 30.28 26.54 25.50 22.65 21.49 21.90 20.04 17.26 17.51 17.54 14.57 12.90 14.46 13.68 10.42 10.46 12.21 10.17 6.66 8.54 10.18 10.38 12.49 12.06 2.96 10.80 13.33 10.82 7.98
13.10 10.76 7.51 12.13 12.64 8.24 10.00 6.64 5.83 6.58 3.42 1.33 0.00 1.29 3.10 2.97 3.09 5.18 6.86 7.80 9.11 11.02 12.26 12.57 14.94 16.86 18.36 18.13 20.58 22.47 24.96 22.38 23.39 28.47 30.21 26.94 26.23 23.57 21.86 22.14 20.78 17.86 17.39 17.62 15.16 12.78 13.72 13.49 10.36 8.45 11.63 10.78 6.91 7.20 9.83 10.66 12.98 13.28 4.91 12.47 15.14 12.88 10.25
14.35 11.35 8.62 13.45 12.91 7.91 11.37 7.89 8.36 8.64 6.53 4.03 1.29 0.00 1.33 3.24 3.15 2.90 4.98 6.82 7.66 8.86 10.93 12.04 13.09 14.90 16.77 17.11 18.09 20.22 22.54 20.45 21.76 26.56 28.36 25.47 25.02 22.57 20.46 20.65 19.72 16.77 15.77 16.24 14.29 11.43 11.97 12.24 9.65 5.74 8.68 8.90 5.53 4.15 6.24 6.55 9.22 10.83 4.67 11.08 13.71 12.96 10.68
16.04 12.63 10.72 14.21 13.26 9.16 10.66 7.52 9.94 11.07 8.62 6.13 3.10 1.33 0.00 1.30 3.26 3.34 3.01 5.10 6.95 7.49 9.16 11.06 12.33 12.95 15.34 16.39 17.54 19.94 21.80 18.48 20.75 25.78 27.92 25.24 25.18 22.53 20.35 21.07 20.35 17.14 15.82 17.49 15.56 12.26 13.71 14.51 11.68 7.38 12.09 11.89 8.11 7.04 10.17 11.34 13.98 14.74 7.35 14.37 17.05 15.14 13.35
13.10 9.72 8.94 11.02 9.98 6.39 7.18 4.07 6.22 7.89 4.75 3.49 2.97 3.24 1.30 0.00 1.27 3.24 3.37 3.02 5.01 6.99 7.67 8.55 10.71 12.49 13.73 13.87 16.41 18.83 21.03 17.74 18.97 24.28 26.26 23.11 22.83 19.98 18.17 19.04 17.95 14.72 14.56 15.60 13.26 10.10 12.49 13.10 10.24 7.47 11.35 11.88 8.47 7.64 11.67 13.38 15.93 15.52 7.90 15.51 17.93 13.95 12.77
10.28 7.13 5.13 9.33 8.82 3.59 7.99 4.41 5.89 6.82 6.79 4.07 3.09 3.15 3.26 1.27 0.00 1.28 3.26 3.29 2.96 5.04 6.97 7.23 8.65 10.69 12.31 12.23 14.25 16.17 18.65 16.70 17.16 22.13 23.90 20.83 20.43 17.85 15.80 16.30 15.37 12.23 11.60 12.28 10.00 7.41 8.41 8.45 5.50 3.94 6.63 7.13 3.87 3.73 7.34 9.01 11.14 10.15 3.84 10.01 12.41 9.23 8.46
13.78 10.09 10.12 12.31 10.90 6.27 9.89 6.62 9.90 11.94 10.81 7.62 5.18 2.90 3.34 3.24 1.28 0.00 1.30 3.22 3.28 2.95 5.04 6.94 7.47 8.87 10.85 12.22 12.49 14.88 16.91 14.29 16.03 20.85 22.96 20.52 20.72 18.26 15.75 16.54 16.30 13.06 10.83 13.65 12.33 8.17 10.18 11.34 8.77 3.65 8.93 10.36 7.77 4.54 7.72 9.25 11.97 12.58 8.91 14.50 16.81 13.92 14.05
14.61 11.31 10.86 11.97 10.13 6.97 8.75 6.63 10.83 13.58 12.36 9.01 6.86 4.98 3.01 3.37 3.26 1.30 0.00 1.28 3.23 3.33 3.15 5.16 6.91 7.64 9.29 10.91 12.38 15.07 16.79 12.74 14.86 20.12 22.46 19.65 20.32 17.55 15.30 16.72 16.38 12.99 11.33 14.65 13.09 8.48 11.48 13.27 10.92 6.14 11.07 12.91 10.31 7.72 12.37 14.81 17.48 16.83 11.36 17.63 19.98 16.19 16.53
11.13 8.01 7.23 8.41 6.95 3.42 5.56 3.58 7.91 10.86 11.39 7.70 7.80 6.82 5.10 3.02 3.29 3.22 1.28 0.00 1.27 3.28 3.32 3.04 4.82 6.83 7.77 7.95 10.41 13.25 15.34 12.61 12.82 18.20 20.22 17.05 17.26 14.40 12.39 13.77 13.16 9.75 9.34 11.72 10.11 5.48 8.82 10.99 8.95 6.70 10.31 12.34 8.25 8.90 13.39 16.04 18.33 16.68 11.51 17.29 19.30 13.68 14.78
12.26 8.95 9.27 10.11 7.77 4.37 7.70 6.39 10.72 13.28 13.52 9.88 9.11 7.66 6.95 5.01 2.96 3.28 3.23 1.27 0.00 1.30 3.19 3.19 2.67 4.66 6.53 7.43 7.33 8.78 11.67 11.04 11.23 15.93 17.28 15.19 15.05 13.23 10.51 10.35 10.44 7.76 4.43 7.25 7.15 3.49 3.78 5.96 6.46 3.46 6.31 8.91 8.69 6.65 11.00 14.16 16.55 12.83 12.28 16.62 18.47 14.05 15.65
14.71 11.49 12.00 12.50 9.85 6.75 10.26 9.07 13.43 16.05 15.99 12.38 11.02 8.86 7.49 6.99 5.04 2.95 3.33 3.28 1.30 0.00 1.28 3.29 3.44 3.08 5.03 6.99 7.61 10.40 11.75 8.32 10.41 15.31 17.82 15.88 17.00 14.61 11.84 13.55 14.15 10.89 7.40 12.01 11.10 6.30 8.89 10.95 10.13 6.33 10.22 12.66 11.38 9.16 13.73 16.78 19.29 17.12 14.52 19.48 21.44 16.87 18.34
12.01 10.03 8.38 7.74 6.53 4.10 5.32 6.44 9.64 13.03 14.55 11.09 12.26 10.93 9.16 7.67 6.97 5.04 3.15 3.32 3.19 1.28 0.00 1.27 3.34 3.44 3.18 5.27 7.08 10.54 11.86 7.81 8.81 14.32 16.83 13.72 15.60 12.87 10.60 12.57 13.12 10.02 8.17 11.79 11.63 6.78 10.23 12.83 11.28 9.00 12.71 15.11 11.68 11.78 16.38 19.39 21.88 19.71 15.36 21.24 22.75 15.89 17.99
9.57 7.49 7.43 6.44 3.58 3.85 5.13 7.25 10.74 13.31 14.98 11.71 12.57 12.04 11.06 8.55 7.23 6.94 5.16 3.04 3.19 3.29 1.27 0.00 1.35 3.18 3.07 2.82 4.57 8.00 9.91 8.15 6.79 12.14 14.17 11.30 12.18 9.58 7.10 9.15 9.59 6.77 5.00 8.33 7.72 3.44 7.42 9.77 7.54 8.23 10.90 12.67 9.50 11.65 15.38 18.41 20.32 17.61 14.75 19.09 20.12 13.29 16.30
14.39 11.99 12.70 11.91 8.79 7.36 10.58 11.38 15.50 18.12 19.10 15.46 14.94 13.09 12.33 10.71 8.65 7.47 6.91 4.82 2.67 3.44 3.34 1.35 0.00 1.27 3.20 3.43 2.79 5.53 7.08 6.09 6.08 10.49 12.80 11.17 12.60 10.75 7.58 9.23 10.52 7.57 3.76 8.28 9.22 4.69 7.18 9.65 10.48 8.14 10.76 13.42 13.09 11.79 15.70 19.01 21.26 17.12 17.80 21.60 23.11 17.50 20.21
17.08 14.72 15.29 14.39 11.34 10.06 13.04 13.60 17.78 20.58 21.34 17.66 16.86 14.90 12.95 12.49 10.69 8.87 7.64 6.83 4.66 3.08 3.44 3.18 1.27 0.00 1.27 3.26 3.83 6.71 7.25 3.33 4.87 9.70 12.59 10.81 13.60 11.67 8.43 10.36 12.22 9.53 5.45 10.32 11.61 7.16 9.70 12.35 13.17 10.93 13.70 16.31 15.73 14.39 18.53 21.81 24.11 20.21 20.08 24.24 25.74 20.24 22.86
15.20 14.36 13.53 10.95 9.41 10.10 10.78 12.93 16.28 19.31 21.28 18.10 18.36 16.77 15.34 13.73 12.31 10.85 9.29 7.77 6.53 5.03 3.18 3.07 3.20 1.27 0.00 1.33 3.51 6.86 8.03 5.24 2.81 8.56 11.03 7.69 10.91 8.74 5.63 8.10 10.25 6.29 6.53 9.94 11.60 6.58 10.97 13.72 13.93 12.80 15.58 18.06 16.61 16.47 20.60 23.88 26.11 22.20 21.64 25.86 26.95 19.77 23.39
12.68 11.86 11.95 9.52 7.00 8.90 9.65 12.13 15.75 18.29 20.22 17.23 18.13 17.11 16.39 13.87 12.23 12.22 10.91 7.95 7.43 6.99 5.27 2.82 3.43 3.26 1.33 0.00 1.30 3.51 5.87 6.00 3.34 7.28 8.85 6.54 8.16 5.40 3.59 4.76 6.82 3.10 3.78 6.62 8.25 3.34 8.43 11.01 11.06 11.64 14.02 16.06 14.47 16.03 19.54 22.80 24.40 20.27 20.19 23.67 24.11 16.85 21.01
17.82 16.21 17.22 15.59 12.49 12.15 15.09 16.79 20.68 23.19 24.59 20.99 20.58 18.09 17.54 16.41 14.25 12.49 12.38 10.41 7.33 7.61 7.08 4.57 2.79 3.83 3.51 1.30 0.00 1.36 2.69 3.14 2.98 5.24 7.72 7.33 9.50 8.80 5.50 6.73 8.95 7.55 4.02 8.16 10.40 7.23 9.24 12.34 13.97 12.13 12.82 17.15 17.80 16.30 19.65 22.96 25.06 19.52 23.02 25.90 26.88 21.07 24.72
19.65 17.80 19.68 18.29 14.43 14.09 17.90 19.47 23.39 25.53 26.76 23.27 22.47 20.22 19.94 18.83 16.17 14.88 15.07 13.25 8.78 10.40 10.54 8.00 5.53 6.71 6.86 3.51 1.36 0.00 1.37 3.15 3.29 3.21 5.37 6.76 8.91 9.27 6.34 6.20 8.69 8.74 4.46 7.85 10.57 9.71 9.00 12.13 14.39 13.57 13.06 17.58 19.15 17.80 20.85 24.20 25.93 19.76 23.99 26.53 27.11 22.24 25.88
22.66 21.06 22.41 20.86 17.41 16.96 20.41 21.88 25.89 28.28 29.42 25.85 24.96 22.54 21.80 21.03 18.65 16.91 16.79 15.34 11.67 11.75 11.86 9.91 7.08 7.25 8.03 5.87 2.69 1.37 0.00 1.31 3.45 3.82 7.67 8.87 10.96 11.41 8.22 8.79 11.11 11.60 7.51 11.13 13.84 12.33 12.32 15.58 17.77 16.52 16.28 20.92 22.34 20.78 23.95 27.23 29.22 23.04 27.21 29.83 30.54 25.51 29.12
22.49 20.61 21.00 19.48 16.60 16.21 18.55 19.09 23.13 26.33 26.94 23.26 22.38 20.45 18.48 17.74 16.70 14.29 12.74 12.61 11.04 8.32 7.81 8.15 6.09 3.33 5.24 6.00 3.14 3.15 1.31 0.00 1.34 3.72 7.10 6.90 10.01 10.49 6.88 9.02 11.76 11.80 8.84 12.58 15.15 11.98 14.43 17.19 19.01 17.07 18.41 22.24 21.97 20.61 24.64 27.94 30.22 25.12 26.27 30.49 31.77 25.97 29.09
19.48 18.38 19.02 16.85 14.06 14.74 16.73 18.95 22.58 25.22 26.92 23.41 23.39 21.76 20.75 18.97 17.16 16.03 14.86 12.82 11.23 10.41 8.81 6.79 6.08 4.87 2.81 3.34 2.98 3.29 3.45 1.34 0.00 1.32 3.23 3.19 5.67 7.07 3.53 5.77 8.40 8.28 7.29 10.23 12.38 9.18 12.70 15.21 16.70 16.15 17.82 20.72 20.43 20.55 24.10 27.48 29.26 24.12 26.00 29.10 29.58 23.15 27.25
23.94 23.01 24.16 21.93 18.89 19.60 22.07 24.39 28.04 30.46 32.16 28.71 28.47 26.56 25.78 24.28 22.13 20.85 20.12 18.20 15.93 15.31 14.32 12.14 10.49 9.70 8.56 7.28 5.24 3.21 3.82 3.72 1.32 0.00 1.29 3.18 6.41 8.63 6.63 7.72 10.48 11.91 10.28 12.57 15.31 14.01 15.93 18.35 20.36 20.21 20.07 24.23 25.05 24.74 27.83 31.21 32.70 26.60 30.50 33.02 33.17 27.25 31.66
23.63 22.53 24.80 22.20 19.02 20.86 23.01 25.64 29.26 31.30 33.22 30.28 30.21 28.36 27.92 26.26 23.90 22.96 22.46 20.22 17.28 17.82 16.83 14.17 12.80 12.59 11.03 8.85 7.72 5.37 7.67 7.10 3.23 1.29 0.00 1.31 3.45 6.02 6.90 6.30 8.94 10.94 10.94 11.60 14.91 15.13 16.35 18.65 20.72 21.32 20.41 24.74 25.90 25.91 28.71 32.05 33.08 26.68 31.06 33.52 32.95 26.81 31.92
19.63 18.63 20.79 17.89 15.03 17.11 18.84 21.43 25.07 27.33 29.31 26.54 26.94 25.47 25.24 23.11 20.83 20.52 19.65 17.05 15.19 15.88 13.72 11.30 11.17 10.81 7.69 6.54 7.33 6.76 8.87 6.90 3.19 3.18 1.31 0.00 1.27 2.92 3.17 3.14 5.15 6.95 7.75 8.93 11.07 11.36 13.45 15.14 16.90 18.17 18.00 21.30 21.98 23.04 25.61 28.92 29.64 23.82 27.41 29.72 29.14 22.84 27.95
17.36 16.16 19.33 16.73 13.25 16.15 18.01 20.71 24.25 25.27 27.80 25.50 26.23 25.02 25.18 22.83 20.43 20.72 20.32 17.26 15.05 17.00 15.60 12.18 12.60 13.60 10.91 8.16 9.50 8.91 10.96 10.01 5.67 6.41 3.45 1.27 0.00 1.26 3.35 3.42 2.95 5.01 6.88 7.33 8.84 10.82 12.35 13.24 15.13 16.85 17.02 19.33 20.38 22.11 24.34 27.52 27.73 22.16 25.49 27.71 26.68 20.32 25.80
14.90 14.59 16.40 13.67 10.64 13.44 14.90 17.61 21.19 22.73 25.01 22.65 23.57 22.57 22.53 19.98 17.85 18.26 17.55 14.40 13.23 14.61 12.87 9.58 10.75 11.67 8.74 5.40 8.80 9.27 11.41 10.49 7.07 8.63 6.02 2.92 1.26 0.00 1.31 3.11 3.17 2.90 4.90 6.81 7.35 7.99 10.68 12.33 13.45 14.93 16.43 18.09 18.02 20.30 22.73 25.94 26.43 21.53 23.78 26.05 25.30 18.35 23.70
15.22 14.35 16.10 13.87 10.29 12.02 14.43 17.03 20.59 22.51 24.35 21.49 21.86 20.46 20.35 18.17 15.80 15.75 15.30 12.39 10.51 11.84 10.60 7.10 7.58 8.43 5.63 3.59 5.50 6.34 8.22 6.88 3.53 6.63 6.90 3.17 3.35 1.31 0.00 1.23 3.29 3.31 2.84 4.90 6.84 6.35 8.65 10.66 12.21 13.24 14.13 16.68 16.99 18.16 20.86 24.17 25.13 19.85 22.69 25.03 24.81 18.46 23.21
14.90 12.80 16.38 14.64 10.25 12.29 15.35 17.90 21.30 22.68 24.50 21.90 22.14 20.65 21.07 19.04 16.30 16.54 16.72 13.77 10.35 13.55 12.57 9.15 9.23 10.36 8.10 4.76 6.73 6.20 8.79 9.02 5.77 7.72 6.30 3.14 3.42 3.11 1.23 0.00 1.30 3.12 3.23 2.98 5.06 6.86 7.67 8.94 10.86 12.38 12.11 15.13 16.52 17.28 19.62 22.85 23.37 17.58 21.23 23.60 23.04 17.41 22.26
11.90 10.15 13.72 12.04 7.69 10.77 13.19 15.77 19.10 19.82 22.17 20.04 20.78 19.72 20.35 17.95 15.37 16.30 16.38 13.16 10.44 14.15 13.12 9.59 10.52 12.22 10.25 6.82 8.95 8.69 11.11 11.76 8.40 10.48 8.94 5.15 2.95 3.17 3.29 1.30 0.00 1.28 3.24 3.30 3.08 5.11 6.91 7.68 9.06 10.97 12.04 13.35 14.41 16.50 18.49 21.60 21.76 16.77 19.36 21.60 20.72 14.50 19.75
10.64 9.71 11.73 9.93 5.61 7.79 10.49 13.04 16.46 18.01 19.83 17.26 17.86 16.77 17.14 14.72 12.23 13.06 12.99 9.75 7.76 10.89 10.02 6.77 7.57 9.53 6.29 3.10 7.55 8.74 11.60 11.80 8.28 11.91 10.94 6.95 5.01 2.90 3.31 3.12 1.28 0.00 1.23 3.12 3.15 2.87 4.82 6.74 7.64 8.86 10.75 12.38 12.25 14.24 16.69 19.92 20.72 16.25 17.96 20.34 20.14 13.68 18.34
12.26 9.97 12.89 11.87 7.33 7.93 12.06 14.08 17.48 18.92 20.40 17.51 17.39 15.77 15.82 14.56 11.60 10.83 11.33 9.34 4.43 7.40 8.17 5.00 3.76 5.45 6.53 3.78 4.02 4.46 7.51 8.84 7.29 10.28 10.94 7.75 6.88 4.90 2.84 3.23 3.24 1.23 0.00 1.23 3.22 3.27 2.88 4.89 6.82 7.72 8.50 10.85 12.23 12.49 15.00 18.31 19.35 14.07 17.10 19.51 19.65 14.46 18.43
11.04 7.44 11.84 11.82 6.98 8.54 12.56 14.15 17.29 18.12 19.81 17.54 17.62 16.24 17.49 15.60 12.28 13.65 14.65 11.72 7.25 12.01 11.79 8.33 8.28 10.32 9.94 6.62 8.16 7.85 11.13 12.58 10.23 12.57 11.60 8.93 7.33 6.81 4.90 2.98 3.30 3.12 1.23 0.00 1.28 3.22 3.29 2.98 4.99 6.90 7.03 8.98 10.86 11.86 13.77 16.89 17.20 11.84 15.08 17.48 17.06 12.37 16.62
7.78 5.13 8.49 8.31 4.00 5.97 9.47 11.03 14.07 14.80 16.62 14.57 15.16 14.29 15.56 13.26 10.00 12.33 13.09 10.11 7.15 11.10 11.63 7.72 9.22 11.61 11.60 8.25 10.40 10.57 13.84 15.15 12.38 15.31 14.91 11.07 8.84 7.35 6.84 5.06 3.08 3.15 3.22 1.28 0.00 1.31 3.20 3.30 2.92 4.97 6.89 7.78 8.33 10.73 12.50 15.54 15.92 12.06 13.23 15.52 15.24 9.51 13.86
8.93 6.82 8.89 7.89 4.03 3.83 7.78 9.73 13.09 14.42 15.74 12.90 12.78 11.43 12.26 10.10 7.41 8.17 8.48 5.48 3.49 6.30 6.78 3.44 4.69 7.16 6.58 3.34 7.23 9.71 12.33 11.98 9.18 14.01 15.13 11.36 10.82 7.99 6.35 6.86 5.11 2.87 3.27 3.22 1.31 0.00 1.27 3.24 3.30 3.00 5.01 6.95 7.44 8.29 10.76 14.04 15.39 11.64 12.58 15.13 15.86 10.94 13.94
10.65 7.37 10.69 10.74 6.17 5.85 10.59 11.86 14.81 15.87 17.11 14.46 13.72 11.97 13.71 12.49 8.41 10.18 11.48 8.82 3.78 8.89 10.23 7.42 7.18 9.70 10.97 8.43 9.24 9.00 12.32 14.43 12.70 15.93 16.35 13.45 12.35 10.68 8.65 7.67 6.91 4.82 2.88 3.29 3.20 1.27 0.00 1.25 3.26 3.30 2.99 5.06 6.91 6.90 9.10 12.37 13.53 8.63 11.47 14.04 14.79 11.47 14.10
8.98 2.84 8.77 10.60 6.82 6.81 11.16 11.15 13.51 13.99 15.49 13.68 13.49 12.24 14.51 13.10 8.45 11.34 13.27 10.99 5.96 10.95 12.83 9.77 9.65 12.35 13.72 11.01 12.34 12.13 15.58 17.19 15.21 18.35 18.65 15.14 13.24 12.33 10.66 8.94 7.68 6.74 4.89 2.98 3.30 3.24 1.25 0.00 1.27 3.16 3.20 3.07 4.96 6.90 8.06 10.96 11.22 7.16 8.97 11.42 11.63 8.21 11.33
6.12 3.74 5.61 7.10 4.05 3.83 7.57 7.98 10.39 11.05 12.43 10.42 10.36 9.65 11.68 10.24 5.50 8.77 10.92 8.95 6.46 10.13 11.28 7.54 10.48 13.17 13.93 11.06 13.97 14.39 17.77 19.01 16.70 20.36 20.72 16.90 15.13 13.45 12.21 10.86 9.06 7.64 6.82 4.99 2.92 3.30 3.26 1.27 0.00 1.22 3.27 3.33 2.94 4.81 6.82 9.73 10.79 7.92 7.63 10.16 11.27 7.15 9.35
9.00 5.82 7.75 9.54 6.63 4.05 9.28 8.65 11.44 12.21 13.15 10.46 8.45 5.74 7.38 7.47 3.94 3.65 6.14 6.70 3.46 6.33 9.00 8.23 8.14 10.93 12.80 11.64 12.13 13.57 16.52 17.07 16.15 20.21 21.32 18.17 16.85 14.93 13.24 12.38 10.97 8.86 7.72 6.90 4.97 3.00 3.30 3.16 1.22 0.00 1.30 3.20 3.28 2.63 4.71 8.05 10.05 7.51 7.68 10.43 12.09 9.07 11.03
11.27 6.78 10.00 12.08 9.31 6.39 11.99 10.78 13.23 13.45 14.87 12.21 11.63 8.68 12.09 11.35 6.63 8.93 11.07 10.31 6.31 10.22 12.71 10.90 10.76 13.70 15.58 14.02 12.82 13.06 16.28 18.41 17.82 20.07 20.41 18.00 17.02 16.43 14.13 12.11 12.04 10.75 8.50 7.03 6.89 5.01 2.99 3.20 3.27 1.30 0.00 1.30 3.39 3.52 3.41 6.34 7.72 4.20 6.17 8.86 10.11 8.56 10.97
8.93 3.31 7.27 10.94 9.13 7.40 12.68 10.31 11.43 10.60 12.48 10.17 10.78 8.90 11.89 11.88 7.13 10.36 12.91 12.34 8.91 12.66 15.11 12.67 13.42 16.31 18.06 16.06 17.15 17.58 20.92 22.24 20.72 24.23 24.74 21.30 19.33 18.09 16.68 15.13 13.35 12.38 10.85 8.98 7.78 6.95 5.06 3.07 3.33 3.20 1.30 0.00 1.34 3.30 3.18 5.23 5.82 3.58 3.24 5.76 6.65 3.76 6.64
6.53 3.67 3.55 6.33 7.04 3.55 7.37 4.93 6.63 6.95 8.70 6.66 6.91 5.53 8.11 8.47 3.87 7.77 10.31 8.25 8.69 11.38 11.68 9.50 13.09 15.73 16.61 14.47 17.80 19.15 22.34 21.97 20.43 25.05 25.90 21.98 20.38 18.02 16.99 16.52 14.41 12.25 12.23 10.86 8.33 7.44 6.91 4.96 2.94 3.28 3.39 1.34 0.00 1.32 3.39 5.37 7.45 5.64 3.25 7.06 8.75 4.07 5.02
11.89 8.00 7.98 12.16 11.86 6.42 12.02 9.22 10.67 10.41 11.34 8.54 7.20 4.15 7.04 7.64 3.73 4.54 7.72 8.90 6.65 9.16 11.78 11.65 11.79 14.39 16.47 16.03 16.30 17.80 20.78 20.61 20.55 24.74 25.91 23.04 22.11 20.30 18.16 17.28 16.50 14.24 12.49 11.86 10.73 8.29 6.90 6.90 4.81 2.63 3.52 3.30 1.32 0.00 1.30 3.65 6.41 6.49 5.23 8.13 10.21 8.65 9.30
13.34 9.19 8.36 14.52 14.12 9.44 15.04 11.96 12.84 11.26 12.85 10.18 9.83 6.24 10.17 11.67 7.34 7.72 12.37 13.39 11.00 13.73 16.38 15.38 15.70 18.53 20.60 19.54 19.65 20.85 23.95 24.64 24.10 27.83 28.71 25.61 24.34 22.73 20.86 19.62 18.49 16.69 15.00 13.77 12.50 10.76 9.10 8.06 6.82 4.71 3.41 3.18 3.39 1.30 0.00 1.33 2.87 2.94 2.68 4.58 6.52 7.28 8.03
14.36 11.18 8.64 16.35 16.83 12.26 17.50 13.94 13.70 11.16 12.75 10.38 10.66 6.55 11.34 13.38 9.01 9.25 14.81 16.04 14.16 16.78 19.39 18.41 19.01 21.81 23.88 22.80 22.96 24.20 27.23 27.94 27.48 31.21 32.05 28.92 27.52 25.94 24.17 22.85 21.60 19.92 18.31 16.89 15.54 14.04 12.37 10.96 9.73 8.05 6.34 5.23 5.37 3.65 1.33 0.00 1.30 3.38 3.53 3.01 5.07 6.95 7.13
14.36 10.40 9.84 16.84 16.64 14.15 18.96 15.73 15.40 13.01 14.70 12.49 12.98 9.22 13.98 15.93 11.14 11.97 17.48 18.33 16.55 19.29 21.88 20.32 21.26 24.11 26.11 24.40 25.06 25.93 29.22 30.22 29.26 32.70 33.08 29.64 27.73 26.43 25.13 23.37 21.76 20.72 19.35 17.20 15.92 15.39 13.53 11.22 10.79 10.05 7.72 5.82 7.45 6.41 2.87 1.30 0.00 1.22 3.20 3.30 3.07 5.03 6.94
11.17 7.01 7.71 13.68 13.21 11.76 16.15 13.55 13.44 11.37 13.61 12.06 13.28 10.83 14.74 15.52 10.15 12.58 16.83 16.68 12.83 17.12 19.71 17.61 17.12 20.21 22.20 20.27 19.52 19.76 23.04 25.12 24.12 26.60 26.68 23.82 22.16 21.53 19.85 17.58 16.77 16.25 14.07 11.84 12.06 11.64 8.63 7.16 7.92 7.51 4.20 3.58 5.64 6.49 2.94 3.38 1.22 0.00 1.28 3.22 3.25 2.84 4.86
9.64 7.36 3.17 10.49 12.36 8.92 11.12 7.23 5.29 3.26 4.30 2.96 4.91 4.67 7.35 7.90 3.84 8.91 11.36 11.51 12.28 14.52 15.36 14.75 17.80 20.08 21.64 20.19 23.02 23.99 27.21 26.27 26.00 30.50 31.06 27.41 25.49 23.78 22.69 21.23 19.36 17.96 17.10 15.08 13.23 12.58 11.47 8.97 7.63 7.68 6.17 3.24 3.25 5.23 2.68 3.53 3.20 1.28 0.00 1.34 3.21 3.27 2.79
12.03 9.39 6.81 14.51 15.39 12.84 16.87 13.52 12.57 9.79 11.99 10.80 12.47 11.08 14.37 15.51 10.01 14.50 17.63 17.29 16.62 19.48 21.24 19.09 21.60 24.24 25.86 23.67 25.90 26.53 29.83 30.49 29.10 33.02 33.52 29.72 27.71 26.05 25.03 23.60 21.60 20.34 19.51 17.48 15.52 15.13 14.04 11.42 10.16 10.43 8.86 5.76 7.06 8.13 4.58 3.01 3.30 3.22 1.34 0.00 1.30 3.23 3.42
11.29 8.57 8.50 14.55 14.43 14.40 17.75 15.35 14.51 11.69 13.99 13.33 15.14 13.71 17.05 17.93 12.41 16.81 19.98 19.30 18.47 21.44 22.75 20.12 23.11 25.74 26.95 24.11 26.88 27.11 30.54 31.77 29.58 33.17 32.95 29.14 26.68 25.30 24.81 23.04 20.72 20.14 19.65 17.06 15.24 15.86 14.79 11.63 11.27 12.09 10.11 6.65 8.75 10.21 6.52 5.07 3.07 3.25 3.21 1.30 0.00 1.20 3.32
3.30 2.82 3.78 6.53 6.73 8.85 10.36 9.42 9.35 7.05 10.15 10.82 12.88 12.96 15.14 13.95 9.23 13.92 16.19 13.68 14.05 16.87 15.89 13.29 17.50 20.24 19.77 16.85 21.07 22.24 25.51 25.97 23.15 27.25 26.81 22.84 20.32 18.35 18.46 17.41 14.50 13.68 14.46 12.37 9.51 10.94 11.47 8.21 7.15 9.07 8.56 3.76 4.07 8.65 7.28 6.95 5.03 2.84 3.27 3.23 1.20 0.00 1.32
7.02 7.38 2.65 9.84 11.71 10.68 12.92 9.95 8.42 5.28 7.55 7.98 10.25 10.68 13.35 12.77 8.46 14.05 16.53 14.78 15.65 18.34 17.99 16.30 20.21 22.86 23.39 21.01 24.72 25.88 29.12 29.09 27.25 31.66 31.92 27.95 25.80 23.70 23.21 22.26 19.75 18.34 18.43 16.62 13.86 13.94 14.10 11.33 9.35 11.03 10.97 6.64 5.02 9.30 8.03 7.13 6.94 4.86 2.79 3.42 3.32 1.32 0.00
