 0.00  1.33  3.14  2.71  3.17  5.24  6.66  6.28  7.98  3.94  9.47 11.19 13.85 14.98 16.60 11.78 10.07 14.25 15.15 11.70 12.58 14.96 15.19  9.53 14.18 16.80 14.57 11.72 17.01 18.51 21.89 21.54 19.77 23.77 23.80 19.79 17.84 15.34 15.11 15.34 12.58 10.08 11.99 11.63  8.05  8.84 10.73  9.21  6.25  9.33 11.55  8.36  7.40 12.67 13.63 14.09 13.77 10.71  9.33 10.82  8.69  3.30  7.02
 1.33  0.00  1.33  3.07  3.02  3.44  4.97  5.76  8.89  7.15 10.30 11.12 12.26 12.64 14.08 10.00  7.75 11.22 12.32  8.94  9.79 12.26 13.03  7.43 12.12 14.81 13.55 11.11 15.74 17.26 20.73 19.94 19.00 22.93 23.29 19.78 17.05 15.56 14.65 13.53 11.22  9.98 10.10  8.08  5.48  7.04  7.07  4.24  3.51  6.03  7.34  3.55  3.85  8.95  9.49 10.90  9.98  6.20  7.29  9.06  6.43  2.82  7.38
 3.14  1.33  0.00  1.33  3.45  3.50  2.65  3.01  5.79  3.30  5.73  6.44  8.62  9.12 11.21  7.92  4.80 10.36 11.39  7.72  9.62 12.34 12.77  7.38 12.75 15.27 13.33 11.78 16.93 19.33 22.25 20.31 20.16 24.14 24.62 21.33 20.10 17.49 16.54 17.00 14.69 12.31 12.85 12.50  8.80  8.96 10.26  8.93  5.69  8.03  9.88  7.05  3.45  7.82  7.65  7.64  8.64  6.71  3.25  5.80  5.88  3.78  2.65
 2.71  3.07  1.33  0.00  1.34  3.25  3.10  4.93  7.42  6.05  9.73 10.85 12.90 13.99 15.04 10.08  9.12 12.76 12.90  9.28 11.05 13.43 12.54  7.22 12.63 14.92 11.29  9.62 15.87 18.37 21.30 19.29 18.45 22.54 22.72 19.13 18.46 15.47 15.08 16.23 13.86 10.02 12.67 13.21  9.75  8.64 11.57 10.95  7.41  9.92 12.28 10.03  6.74 12.62 14.55 15.76 16.25 13.07 10.39 13.94 12.00  6.53  9.84
 3.17  3.02  3.45  1.34  0.00  1.33  3.37  6.16  9.39  8.89 12.27 12.63 13.82 13.97 14.55 10.33  9.31 11.80 10.90  7.72  8.70 10.68  9.47  4.15  9.22 11.51  8.41  6.46 12.33 14.31 17.74 15.91 15.09 19.15 19.48 16.17 14.08 11.73 11.07 11.23  8.77  6.46  7.78  7.67  4.28  4.80  6.85  6.75  4.06  6.99  9.42  8.16  7.40 12.26 14.42 16.98 17.02 13.41 12.62 15.55 13.44  6.73 11.71
 5.24  3.44  3.50  3.25  1.33  0.00  1.33  3.92  7.43  8.87 11.09  9.77  9.29  8.59  9.62  6.56  3.89  6.41  7.35  4.64  4.59  7.11  8.56  3.52  7.85 10.52  9.41  8.39 12.15 14.18 17.16 15.94 15.80 19.59 20.25 17.33 15.86 13.55 11.90 12.43 10.99  7.90  7.78  8.71  5.35  4.01  5.95  6.79  3.57  4.62  7.06  7.97  4.83  8.30 11.02 13.81 15.64 12.97 10.11 14.19 13.82  8.85 10.68
 6.66  4.97  2.65  3.10  3.37  1.33  0.00  1.33  4.59  6.51  8.99  7.56 10.05 11.38 11.16  5.22  7.43  9.83  9.05  5.67  8.46 11.03 10.40  5.55 11.12 13.43 10.97  9.94 15.29 18.09 20.78 18.23 18.40 22.37 22.92 19.87 19.30 16.44 15.39 16.70 14.94 11.84 12.59 13.72 10.31  8.44 11.21 11.78  8.14  9.79 12.39 11.77  7.59 12.93 15.60 17.43 18.68 15.67 10.15 16.34 15.26 10.36 12.92
 6.28  5.76  3.01  4.93  6.16  3.92  1.33  0.00  1.34  3.10  5.59  3.63  6.02  7.86  8.33  3.08  3.75  7.61  8.94  6.17  8.61 11.43 12.11  7.92 13.24 15.52 13.59 12.92 17.91 20.75 23.36 20.50 21.21 25.12 25.80 22.88 22.24 19.44 18.27 19.42 17.69 14.61 14.94 15.37 11.81 10.51 11.98 11.67  8.36  9.38 11.29 10.08  4.81  9.85 12.04 13.21 14.74 12.30  6.04 12.14 11.89  9.42  9.95
 7.98  8.89  5.79  7.42  9.39  7.43  4.59  1.34  0.00  1.34  3.12  4.07  7.09 10.15 10.75  5.43  6.74 10.64 11.04  8.62 11.39 14.14 14.32 11.11 16.07 18.27 16.88 16.47 21.10 23.95 26.47 23.36 24.58 28.40 29.21 26.43 25.70 22.98 21.69 22.67 20.98 17.93 18.06 18.78 15.20 13.80 15.42 15.25 11.88 12.75 14.68 13.52  8.29 12.72 14.19 14.35 16.00 14.23  6.33 13.02 13.05  9.35  8.42
 3.94  7.15  3.30  6.05  8.89  8.87  6.51  3.10  1.34  0.00  1.33  3.71  6.96  9.17 11.38  7.12  6.56 11.51 13.13 10.37 12.73 15.55 16.40 12.54 17.48 19.87 18.76 17.84 22.42 24.92 27.66 25.17 25.98 29.83 30.56 27.35 25.80 23.29 22.49 22.94 20.35 17.94 18.54 18.27 14.71 14.07 15.07 13.88 10.89 12.48 13.54 10.55  7.16 10.64 10.58 10.17 11.79 10.52  3.31  8.75  8.42  7.05  5.28
 9.47 10.30  5.73  9.73 12.27 11.09  8.99  5.59  3.12  1.33  0.00  1.33  3.68  6.57  8.76  7.41  6.51 11.01 12.34 11.82 13.82 16.36 17.70 14.63 19.19 21.56 21.09 20.22 24.34 26.75 29.43 26.99 28.09 31.86 32.70 29.82 28.46 26.00 24.63 25.03 23.25 20.47 20.26 20.25 16.80 15.57 16.34 15.47 12.15 13.23 14.70 12.11  8.50 11.16 11.62 11.27 13.30 12.56  3.52 10.47 11.62 10.15  7.55
11.19 11.12  6.44 10.85 12.63  9.77  7.56  3.63  4.07  3.71  1.33  0.00  1.33  4.10  6.16  3.90  4.07  8.19  8.93  8.60 10.86 13.33 14.34 12.51 16.42 18.47 18.77 18.64 21.96 24.74 26.99 23.78 25.87 29.41 30.56 28.33 27.47 25.03 23.20 23.77 22.57 19.60 18.73 18.87 15.86 13.89 14.25 14.04 10.50 10.54 12.25 10.28  6.70  8.54  9.78 10.11 12.15 11.85  2.81 10.50 12.48 10.82  7.98
13.85 12.26  8.62 12.90 13.82  9.29 10.05  6.02  7.09  6.96  3.68  1.33  0.00  1.34  3.04  3.01  3.42  5.41  7.19  8.15  9.40 11.24 13.06 12.59 15.19 17.13 18.63 18.69 20.85 23.31 25.13 22.61 25.08 28.31 29.71 27.93 26.80 24.76 22.46 22.81 22.11 19.08 17.70 18.24 15.62 13.05 13.41 14.01 10.48  8.38 11.68 10.71  6.72  7.67  9.04  8.12 10.53 12.02  4.15 10.50 13.24 12.88 10.25
14.98 12.64  9.12 13.99 13.97  8.59 11.38  7.86 10.15  9.17  6.57  4.10  1.34  0.00  1.34  3.20  3.29  3.11  5.22  7.01  7.75  8.26 11.24 11.85 13.26 15.05 16.94 17.55 18.35 21.05 22.47 20.54 23.20 26.15 27.71 26.30 25.08 23.34 20.73 20.89 20.64 17.70 15.42 16.46 14.38 11.46 11.48 12.33  9.51  5.48  8.02  8.87  5.43  2.56  5.83  6.77  9.53 11.12  4.43 11.54 14.12 12.96 10.68
16.60 14.08 11.21 15.04 14.55  9.62 11.16  8.33 10.75 11.38  8.76  6.16  3.04  1.34  0.00  1.34  3.52  3.50  3.20  5.59  7.30  6.84  9.62 11.43 12.66 14.00 15.80 17.31 17.93 21.03 21.78 19.11 22.59 25.40 27.12 26.13 25.53 23.68 20.96 21.60 21.61 18.48 15.57 17.92 15.92 12.75 13.32 14.76 11.52  7.01 11.88 11.71  7.92  7.47  9.96 11.14 13.71 14.51  7.16 14.17 16.67 15.14 13.35
11.78 10.00  7.92 10.08 10.33  6.56  5.22  3.08  5.43  7.12  7.41  3.90  3.01  3.20  1.34  0.00  1.34  3.03  2.90  2.95  5.00  6.84  7.97  8.53 10.65 12.31 13.67 14.50 16.41 19.36 20.90 17.58 20.51 23.67 25.16 23.75 23.30 21.15 18.70 19.63 19.32 16.03 14.12 16.19 13.75 10.51 12.02 13.52 10.28  6.99 11.28 12.03  7.99  9.37 11.75 13.24 15.71 15.59  7.77 15.14 16.07 13.95 12.77
10.07  7.75  4.80  9.12  9.31  3.89  7.43  3.75  6.74  6.56  6.51  4.07  3.42  3.29  3.52  1.34  0.00  1.34  3.42  3.45  2.91  5.12  7.16  6.88  8.53 10.64 12.24 12.48 14.15 16.65 18.59 16.30 18.43 21.63 23.02 21.40 20.44 18.51 15.97 16.52 16.23 13.08 11.22 12.50  9.84  7.26  7.91  8.82  5.32  3.88  6.76  7.44  3.94  5.59  8.27  9.86 11.72 10.38  4.26 10.18 11.31  9.23  8.46
14.25 11.22 10.36 12.76 11.80  6.41  9.83  7.61 10.64 11.51 11.01  8.19  5.41  3.11  3.50  3.03  1.34  0.00  1.34  3.22  3.21  2.96  5.15  6.88  7.54  8.92 10.97 12.43 12.71 15.78 16.72 14.26 17.45 20.20 21.92 21.09 20.57 18.89 15.97 16.71 17.13 14.04 10.40 13.81 12.34  8.53  9.66 11.62  8.63  2.64  8.84 10.41  7.72  6.74 10.05 12.51 15.10 14.51  8.94 15.05 16.43 13.92 14.05
15.15 12.32 11.39 12.90 10.90  7.35  9.05  8.94 11.04 13.13 12.34  8.93  7.19  5.22  3.20  2.90  3.42  1.34  0.00  1.33  3.32  3.43  3.31  5.16  6.98  7.93  9.35 11.25 12.54 15.77 16.59 12.85 16.49 19.37 21.05 20.28 20.49 18.46 15.75 17.17 17.50 14.20 11.08 14.91 13.32  8.79 11.40 13.42 10.94  5.86 11.03 12.96 10.40  9.68 12.74 15.23 17.87 17.31 11.44 17.83 19.12 16.19 16.53
11.70  8.94  7.72  9.28  7.72  4.64  5.67  6.17  8.62 10.37 11.82  8.60  8.15  7.01  5.59  2.95  3.45  3.22  1.33  0.00  1.34  3.30  3.41  2.95  4.77  6.65  7.63  8.50 10.39 13.65 15.44 12.04 14.33 17.65 19.01 17.59 17.56 15.35 12.86 14.34 14.32 10.95  9.05 12.04 10.40  5.63  8.73 11.05  9.24  6.53 10.23 12.36  8.32 11.01 13.80 16.34 18.53 16.74 11.22 17.23 17.49 13.68 14.78
12.58  9.79  9.62 11.05  8.70  4.59  8.46  8.61 11.39 12.73 13.82 10.86  9.40  7.75  7.30  5.00  2.91  3.21  3.32  1.34  0.00  1.34  3.29  3.19  2.61  4.66  6.58  7.54  7.36  9.77 11.34 10.41 12.56 15.58 17.10 15.45 14.58 13.45 10.41 10.26 10.97  8.43  4.04  7.31  7.11  3.93  3.63  5.99  6.53  3.35  6.12  9.06  8.51  8.45 11.35 14.54 16.93 14.94 12.30 16.74 17.12 14.05 15.65
14.96 12.26 12.34 13.43 10.68  7.11 11.03 11.43 14.14 15.55 16.36 13.33 11.24  8.26  6.84  6.84  5.12  2.96  3.43  3.30  1.34  0.00  1.34  3.34  3.49  2.98  5.27  7.26  7.72 10.90 11.29  7.99 11.77 14.30 16.18 16.09 16.60 15.04 11.97 13.46 14.69 11.86  7.10 11.90 11.13  6.60  8.63 10.84 10.04  5.01 10.09 12.62 11.30 10.03 13.57 16.42 19.24 18.30 14.59 19.68 20.15 16.87 18.34
15.19 13.03 12.77 12.54  9.47  8.56 10.40 12.11 14.32 16.40 17.70 14.34 13.06 11.24  9.62  7.97  7.16  5.15  3.31  3.41  3.29  1.34  0.00  1.33  3.39  3.25  3.07  5.36  7.18 10.66 12.01  7.30 10.44 13.48 15.00 14.42 15.59 13.50 10.96 12.70 13.84 11.03  8.08 11.92 11.78  6.93 10.03 12.79 12.20  8.91 12.64 15.13 13.18 13.84 16.85 19.90 22.38 20.85 16.61 21.98 22.24 15.89 17.99
 9.53  7.43  7.38  7.22  4.15  3.52  5.55  7.92 11.11 12.54 14.63 12.51 12.59 11.85 11.43  8.53  6.88  6.88  5.16  2.95  3.19  3.34  1.33  0.00  1.34  3.10  2.97  2.95  4.60  8.04 10.06  7.64  8.37 11.86 13.06 11.75 12.26 10.22  7.55  9.42 10.29  7.55  4.99  8.43  8.18  3.70  7.26  9.86  7.61  7.91 10.64 11.99  9.15 12.74 15.44 18.35 20.14 17.26 14.05 18.62 17.84 13.29 16.30
14.18 12.12 12.75 12.63  9.22  7.85 11.12 13.24 16.07 17.48 19.19 16.42 15.19 13.26 12.66 10.65  8.53  7.54  6.98  4.77  2.61  3.49  3.39  1.34  0.00  1.33  3.34  3.74  3.04  6.00  7.30  5.58  7.25  9.87 11.56 11.27 12.00 10.83  7.61  8.86 10.58  8.32  3.50  8.17  9.08  4.58  6.88  9.53 10.43  7.92 10.55 13.41 12.84 13.18 16.19 19.59 21.91 19.26 17.68 21.74 21.35 17.50 20.21
16.80 14.81 15.27 14.92 11.51 10.52 13.43 15.52 18.27 19.87 21.56 18.47 17.13 15.05 14.00 12.31 10.64  8.92  7.93  6.65  4.66  2.98  3.25  3.10  1.33  0.00  1.34  3.36  3.90  6.74  7.25  3.00  5.91  8.58 10.35 10.89 12.79 11.34  7.91  9.78 11.96 10.12  5.69 10.24 11.47  7.27  9.42 12.26 13.17 10.72 13.64 16.28 15.52 16.08 19.01 22.34 24.68 22.11 20.03 24.36 24.09 20.24 22.86
14.57 13.55 13.33 11.29  8.41  9.41 10.97 13.59 16.88 18.76 21.09 18.77 18.63 16.94 15.80 13.67 12.24 10.97  9.35  7.63  6.58  5.27  3.07  2.97  3.34  1.34  0.00  1.33  3.63  6.60  8.36  5.05  4.62  8.20  9.10  8.38 10.76  8.76  5.60  8.14 10.24  8.05  6.75  9.82 11.36  7.12 10.61 13.53 13.78 12.52 15.41 17.91 16.29 18.22 20.97 24.26 26.48 23.61 21.06 25.68 24.54 19.77 23.39
11.72 11.11 11.78  9.62  6.46  8.39  9.94 12.92 16.47 17.84 20.22 18.64 18.69 17.55 17.31 14.50 12.48 12.43 11.25  8.50  7.54  7.26  5.36  2.95  3.74  3.36  1.33  0.00  1.33  3.34  6.13  6.05  4.24  7.81  8.43  6.79  7.11  5.77  2.90  4.07  6.06  4.22  3.23  6.16  7.94  3.39  8.05 10.72 10.79 11.65 13.79 15.36 14.24 17.50 19.92 23.09 24.44 21.00 19.88 23.30 21.82 16.85 21.01
17.01 15.74 16.93 15.87 12.33 12.15 15.29 17.91 21.10 22.42 24.34 21.96 20.85 18.35 17.93 16.41 14.15 12.71 12.54 10.39  7.36  7.72  7.18  4.60  3.04  3.90  3.63  1.33  0.00  1.34  3.10  3.36  2.54  4.82  6.29  6.57  8.27  7.78  4.48  5.25  7.70  7.22  4.10  7.41  9.67  7.08  8.84 11.92 13.45 11.95 11.94 17.05 17.42 17.05 20.17 23.64 25.86 22.61 22.92 26.01 25.04 21.07 24.72
18.51 17.26 19.33 18.37 14.31 14.18 18.09 20.75 23.95 24.92 26.75 24.74 23.31 21.05 21.03 19.36 16.65 15.78 15.77 13.65  9.77 10.90 10.66  8.04  6.00  6.74  6.60  3.34  1.34  0.00  1.34  3.06  3.24  2.51  4.30  4.31  6.08  7.13  4.32  3.43  5.98  7.28  4.22  6.44  9.16  8.89  9.53 11.82 13.95 13.84 13.16 17.67 19.11 18.99 21.77 25.22 26.82 22.77 24.41 26.89 25.73 22.24 25.88
21.89 20.73 22.25 21.30 17.74 17.16 20.78 23.36 26.47 27.66 29.43 26.99 25.13 22.47 21.78 20.90 18.59 16.72 16.59 15.44 11.34 11.29 12.01 10.06  7.30  7.25  8.36  6.13  3.10  1.34  0.00  1.33  3.62  4.02  6.49  6.81  8.93  9.72  6.84  6.58  9.31 10.82  7.54 10.09 12.81 12.04 12.32 15.07 17.25 16.01 15.56 20.64 22.06 21.00 24.11 27.58 29.74 25.91 27.33 29.95 29.06 25.51 29.12
21.54 19.94 20.31 19.29 15.91 15.94 18.23 20.50 23.36 25.17 26.99 23.78 22.61 20.54 19.11 17.58 16.30 14.26 12.85 12.04 10.41  7.99  7.30  7.64  5.58  3.00  5.05  6.05  3.36  3.06  1.33  0.00  1.34  3.44  5.93  8.37 10.78 11.06  7.63  8.70 11.28 12.06  8.50 11.72 14.30 11.92 13.71 16.34 18.09 16.32 17.08 21.49 21.17 21.58 24.61 27.98 30.33 27.16 25.75 30.06 29.61 25.97 29.09
19.77 19.00 20.16 18.45 15.09 15.80 18.40 21.21 24.58 25.98 28.09 25.87 25.08 23.20 22.59 20.51 18.43 17.45 16.49 14.33 12.56 11.77 10.44  8.37  7.25  5.91  4.62  4.24  2.54  3.24  3.62  1.34  0.00  1.34  2.48  3.73  6.47  6.83  3.25  5.70  8.39  8.61  7.36 10.11 12.37 10.03 13.10 15.55 17.12 16.88 17.69 21.28 21.33 22.57 25.31 28.73 30.40 26.54 27.07 29.94 28.62 23.15 27.25
23.77 22.93 24.14 22.54 19.15 19.59 22.37 25.12 28.40 29.83 31.86 29.41 28.31 26.15 25.40 23.67 21.63 20.20 19.37 17.65 15.58 14.30 13.48 11.86  9.87  8.58  8.20  7.81  4.82  2.51  4.02  3.44  1.34  0.00  1.33  3.71  6.77  8.60  6.72  8.25 10.88 12.27 10.51 12.98 15.62 13.94 16.30 18.60 20.48 19.96 19.95 24.35 24.96 25.31 28.22 31.69 33.53 29.62 30.52 33.36 32.18 27.25 31.66
23.80 23.29 24.62 22.72 19.48 20.25 22.92 25.80 29.21 30.56 32.70 30.56 29.71 27.71 27.12 25.16 23.02 21.92 21.05 19.01 17.10 16.18 15.00 13.06 11.56 10.35  9.10  8.43  6.29  4.30  6.49  5.93  2.48  1.33  0.00  1.34  4.75  6.39  6.31  7.71  9.79 11.34 11.10 12.94 15.74 14.30 17.07 19.22 21.05 21.12 20.98 25.18 25.74 26.59 29.36 32.80 34.31 30.20 31.54 34.07 32.57 26.81 31.92
19.79 19.78 21.33 19.13 16.17 17.33 19.87 22.88 26.43 27.35 29.82 28.33 27.93 26.30 26.13 23.75 21.40 21.09 20.28 17.59 15.45 16.09 14.42 11.75 11.27 10.89  8.38  6.79  6.57  4.31  6.81  8.37  3.73  3.71  1.34  0.00  1.34  3.26  2.87  4.05  5.98  7.59  8.48  9.07 12.10 11.20 14.24 15.98 17.88 18.85 18.06 22.07 22.85 24.18 26.70 30.07 31.07 26.69 28.64 30.96 29.02 22.84 27.95
17.84 17.05 20.10 18.46 14.08 15.86 19.30 22.24 25.70 25.80 28.46 27.47 26.80 25.08 25.53 23.30 20.44 20.57 20.49 17.56 14.58 16.60 15.59 12.26 12.00 12.79 10.76  7.11  8.27  6.08  8.93 10.78  6.47  6.77  4.75  1.34  0.00  1.33  3.25  3.16  2.67  4.74  6.52  6.74  9.15 10.12 12.25 13.45 15.19 16.78 16.10 19.19 20.83 22.31 24.49 27.72 28.19 23.40 25.82 28.05 25.91 20.32 25.80
15.34 15.56 17.49 15.47 11.73 13.55 16.44 19.44 22.98 23.29 26.00 25.03 24.76 23.34 23.68 21.15 18.51 18.89 18.46 15.35 13.45 15.04 13.50 10.22 10.83 11.34  8.76  5.77  7.78  7.13  9.72 11.06  6.83  8.60  6.39  3.26  1.33  0.00  1.33  3.37  3.37  2.95  4.90  6.92  8.10  7.67 11.02 12.57 13.83 15.30 15.95 17.87 18.81 21.34 23.42 26.61 27.11 22.65 24.34 26.57 24.36 18.35 23.70
15.11 14.65 16.54 15.08 11.07 11.90 15.39 18.27 21.69 22.49 24.63 23.20 22.46 20.73 20.96 18.70 15.97 15.97 15.75 12.86 10.41 11.97 10.96  7.55  7.61  7.91  5.60  2.90  4.48  4.32  6.84  7.63  3.25  6.72  6.31  2.87  3.25  1.33  0.00  1.34  3.19  3.26  2.64  4.69  6.69  5.95  8.59 10.55 12.13 13.16 13.52 16.37 17.17 18.81 21.18 24.51 25.53 21.36 22.83 25.16 23.45 18.46 23.21
15.34 13.53 17.00 16.23 11.23 12.43 16.70 19.42 22.67 22.94 25.03 23.77 22.81 20.89 21.60 19.63 16.52 16.71 17.17 14.34 10.26 13.46 12.70  9.42  8.86  9.78  8.14  4.07  5.25  3.43  6.58  8.70  5.70  8.25  7.71  4.05  3.16  3.37  1.34  0.00  1.33  3.39  3.54  3.00  5.23  7.17  7.67  9.01 11.05 12.49 11.47 15.11 17.00 17.69 19.95 23.23 23.98 19.52 21.74 24.04 22.29 17.41 22.26
12.58 11.22 14.69 13.86  8.77 10.99 14.94 17.69 20.98 20.35 23.25 22.57 22.11 20.64 21.61 19.32 16.23 17.13 17.50 14.32 10.97 14.69 13.84 10.29 10.58 11.96 10.24  6.06  7.70  5.98  9.31 11.28  8.39 10.88  9.79  5.98  2.67  3.37  3.19  1.33  0.00  1.33  3.41  3.64  3.71  5.84  7.61  8.11  9.66 11.61 11.48 13.50 15.43 17.46 19.28 22.36 22.55 17.81 20.11 22.29 20.07 14.50 19.75
10.08  9.98 12.31 10.02  6.46  7.90 11.84 14.61 17.93 17.94 20.47 19.60 19.08 17.70 18.48 16.03 13.08 14.04 14.20 10.95  8.43 11.86 11.03  7.55  8.32 10.12  8.05  4.22  7.22  7.28 10.82 12.06  8.61 12.27 11.34  7.59  4.74  2.95  3.26  3.39  1.33  0.00  1.34  3.23  2.92  3.11  5.28  6.87  7.81  9.24 10.77 11.93 12.85 15.46 17.41 20.57 21.22 17.10 18.36 20.63 18.75 13.68 18.34
11.99 10.10 12.85 12.67  7.78  7.78 12.59 14.94 18.06 18.54 20.26 18.73 17.70 15.42 15.57 14.12 11.22 10.40 11.08  9.05  4.04  7.10  8.08  4.99  3.50  5.69  6.75  3.23  4.10  4.22  7.54  8.50  7.36 10.51 11.10  8.48  6.52  4.90  2.64  3.54  3.41  1.34  0.00  1.34  3.02  2.98  2.90  4.95  6.74  7.61  8.11 10.88 12.22 13.10 15.43 18.77 19.96 15.94 17.40 19.78 18.49 14.46 18.43
11.63  8.08 12.50 13.21  7.67  8.71 13.72 15.37 18.78 18.27 20.25 18.87 18.24 16.46 17.92 16.19 12.50 13.81 14.91 12.04  7.31 11.90 11.92  8.43  8.17 10.24  9.82  6.16  7.41  6.44 10.09 11.72 10.11 12.98 12.94  9.07  6.74  6.92  4.69  3.00  3.64  3.23  1.34  0.00  1.34  3.52  3.64  3.12  5.33  7.16  6.08  9.12 11.14 12.24 14.11 17.27 17.84 13.43 15.67 18.03 16.48 12.37 16.62
 8.05  5.48  8.80  9.75  4.28  5.35 10.31 11.81 15.20 14.71 16.80 15.86 15.62 14.38 15.92 13.75  9.84 12.34 13.32 10.40  7.11 11.13 11.78  8.18  9.08 11.47 11.36  7.94  9.67  9.16 12.81 14.30 12.37 15.62 15.74 12.10  9.15  8.10  6.69  5.23  3.71  2.92  3.02  1.34  0.00  1.34  3.18  3.11  2.87  4.94  6.69  6.93  8.61 10.91 12.73 15.74 16.22 12.20 13.41 15.70 14.00  9.51 13.86
 8.84  7.04  8.96  8.64  4.80  4.01  8.44 10.51 13.80 14.07 15.57 13.89 13.05 11.46 12.75 10.51  7.26  8.53  8.79  5.63  3.93  6.60  6.93  3.70  4.58  7.27  7.12  3.39  7.08  8.89 12.04 11.92 10.03 13.94 14.30 11.20 10.12  7.67  5.95  7.17  5.84  3.11  2.98  3.52  1.34  0.00  1.33  3.43  3.44  3.02  5.17  7.17  7.46  9.15 11.32 14.57 16.02 12.65 12.90 15.47 14.63 10.94 13.94
10.73  7.07 10.26 11.57  6.85  5.95 11.21 11.98 15.42 15.07 16.34 14.25 13.41 11.48 13.32 12.02  7.91  9.66 11.40  8.73  3.63  8.63 10.03  7.26  6.88  9.42 10.61  8.05  8.84  9.53 12.32 13.71 13.10 16.30 17.07 14.24 12.25 11.02  8.59  7.67  7.61  5.28  2.90  3.64  3.18  1.33  0.00  1.34  2.95  2.63  2.79  4.95  6.62  7.22  9.33 12.67 14.13 10.52 11.77 14.25 13.72 11.47 14.10
 9.21  4.24  8.93 10.95  6.75  6.79 11.78 11.67 15.25 13.88 15.47 14.04 14.01 12.33 14.76 13.52  8.82 11.62 13.42 11.05  5.99 10.84 12.79  9.86  9.53 12.26 13.53 10.72 11.92 11.82 15.07 16.34 15.55 18.60 19.22 15.98 13.45 12.57 10.55  9.01  8.11  6.87  4.95  3.12  3.11  3.43  1.34  0.00  1.34  3.43  3.55  3.05  5.23  7.37  8.52 11.38 11.73  7.64  9.44 11.83 10.72  8.21 11.33
 6.25  3.51  5.69  7.41  4.06  3.57  8.14  8.36 11.88 10.89 12.15 10.50 10.48  9.51 11.52 10.28  5.32  8.63 10.94  9.24  6.53 10.04 12.20  7.61 10.43 13.17 13.78 10.79 13.45 13.95 17.25 18.09 17.12 20.48 21.05 17.88 15.19 13.83 12.13 11.05  9.66  7.81  6.74  5.33  2.87  3.44  2.95  1.34  0.00  1.34  3.17  3.13  3.12  5.03  7.14 10.00 11.16  8.38  7.88 10.44 10.02  7.15  9.35
 9.33  6.03  8.03  9.92  6.99  4.62  9.79  9.38 12.75 12.48 13.23 10.54  8.38  5.48  7.01  6.99  3.88  2.64  5.86  6.53  3.35  5.01  8.91  7.91  7.92 10.72 12.52 11.65 11.95 13.84 16.01 16.32 16.88 19.96 21.12 18.85 16.78 15.30 13.16 12.49 11.61  9.24  7.61  7.16  4.94  3.02  2.63  3.43  1.34  0.00  1.34  3.43  3.71  3.15  5.34  8.73 10.91  8.95  8.41 11.31 12.07  9.07 11.03
11.55  7.34  9.88 12.28  9.42  7.06 12.39 11.29 14.68 13.54 14.70 12.25 11.68  8.02 11.88 11.28  6.76  8.84 11.03 10.23  6.12 10.09 12.64 10.64 10.55 13.64 15.41 13.79 11.94 13.16 15.56 17.08 17.69 19.95 20.98 18.06 16.10 15.95 13.52 11.47 11.48 10.77  8.11  6.08  6.69  5.17  2.79  3.55  3.17  1.34  0.00  1.34  3.33  3.21  3.70  6.84  8.52  5.91  6.98  9.70 10.56  8.56 10.97
 8.36  3.55  7.05 10.03  8.16  7.97 11.77 10.08 13.52 10.55 12.11 10.28 10.71  8.87 11.71 12.03  7.44 10.41 12.96 12.36  9.06 12.62 15.13 11.99 13.41 16.28 17.91 15.36 17.05 17.67 20.64 21.49 21.28 24.35 25.18 22.07 19.19 17.87 16.37 15.11 13.50 11.93 10.88  9.12  6.93  7.17  4.95  3.05  3.13  3.43  1.34  0.00  1.33  3.46  3.27  5.39  6.08  3.45  3.60  6.19  6.00  3.76  6.64
 7.40  3.85  3.45  6.74  7.40  4.83  7.59  4.81  8.29  7.16  8.50  6.70  6.72  5.43  7.92  7.99  3.94  7.72 10.40  8.32  8.51 11.30 13.18  9.15 12.84 15.52 16.29 14.24 17.42 19.11 22.06 21.17 21.33 24.96 25.74 22.85 20.83 18.81 17.17 17.00 15.43 12.85 12.22 11.14  8.61  7.46  6.62  5.23  3.12  3.71  3.33  1.33  0.00  1.34  3.39  5.31  7.36  5.99  3.53  7.19  7.01  4.07  5.02
12.67  8.95  7.82 12.62 12.26  8.30 12.93  9.85 12.72 10.64 11.16  8.54  7.67  2.56  7.47  9.37  5.59  6.74  9.68 11.01  8.45 10.03 13.84 12.74 13.18 16.08 18.22 17.50 17.05 18.99 21.00 21.58 22.57 25.31 26.59 24.18 22.31 21.34 18.81 17.69 17.46 15.46 13.10 12.24 10.91  9.15  7.22  7.37  5.03  3.15  3.21  3.46  1.34  0.00  1.33  3.56  6.44  7.04  5.57  8.47 10.27  8.65  9.30
13.63  9.49  7.65 14.55 14.42 11.02 15.60 12.04 14.19 10.58 11.62  9.78  9.04  5.83  9.96 11.75  8.27 10.05 12.74 13.80 11.35 13.57 16.85 15.44 16.19 19.01 20.97 19.92 20.17 21.77 24.11 24.61 25.31 28.22 29.36 26.70 24.49 23.42 21.18 19.95 19.28 17.41 15.43 14.11 12.73 11.32  9.33  8.52  7.14  5.34  3.70  3.27  3.39  1.33  0.00  1.33  3.28  3.82  3.06  5.09  7.05  7.28  8.03
14.09 10.90  7.64 15.76 16.98 13.81 17.43 13.21 14.35 10.17 11.27 10.11  8.12  6.77 11.14 13.24  9.86 12.51 15.23 16.34 14.54 16.42 19.90 18.35 19.59 22.34 24.26 23.09 23.64 25.22 27.58 27.98 28.73 31.69 32.80 30.07 27.72 26.61 24.51 23.23 22.36 20.57 18.77 17.27 15.74 14.57 12.67 11.38 10.00  8.73  6.84  5.39  5.31  3.56  1.33  0.00  1.33  3.43  3.23  3.12  5.39  6.95  7.13
13.77  9.98  8.64 16.25 17.02 15.64 18.68 14.74 16.00 11.79 13.30 12.15 10.53  9.53 13.71 15.71 11.72 15.10 17.87 18.53 16.93 19.24 22.38 20.14 21.91 24.68 26.48 24.44 25.86 26.82 29.74 30.33 30.40 33.53 34.31 31.07 28.19 27.11 25.53 23.98 22.55 21.22 19.96 17.84 16.22 16.02 14.13 11.73 11.16 10.91  8.52  6.08  7.36  6.44  3.28  1.33  0.00  1.34  3.11  3.07  3.18  5.03  6.94
10.71  6.20  6.71 13.07 13.41 12.97 15.67 12.30 14.23 10.52 12.56 11.85 12.02 11.12 14.51 15.59 10.38 14.51 17.31 16.74 14.94 18.30 20.85 17.26 19.26 22.11 23.61 21.00 22.61 22.77 25.91 27.16 26.54 29.62 30.20 26.69 23.40 22.65 21.36 19.52 17.81 17.10 15.94 13.43 12.20 12.65 10.52  7.64  8.38  8.95  5.91  3.45  5.99  7.04  3.82  3.43  1.34  0.00  1.33  3.36  3.31  2.84  4.86
 9.33  7.29  3.25 10.39 12.62 10.11 10.15  6.04  6.33  3.31  3.52  2.81  4.15  4.43  7.16  7.77  4.26  8.94 11.44 11.22 12.30 14.59 16.61 14.05 17.68 20.03 21.06 19.88 22.92 24.41 27.33 25.75 27.07 30.52 31.54 28.64 25.82 24.34 22.83 21.74 20.11 18.36 17.40 15.67 13.41 12.90 11.77  9.44  7.88  8.41  6.98  3.60  3.53  5.57  3.06  3.23  3.11  1.33  0.00  1.34  2.96  3.27  2.79
10.82  9.06  5.80 13.94 15.55 14.19 16.34 12.14 13.02  8.75 10.47 10.50 10.50 11.54 14.17 15.14 10.18 15.05 17.83 17.23 16.74 19.68 21.98 18.62 21.74 24.36 25.68 23.30 26.01 26.89 29.95 30.06 29.94 33.36 34.07 30.96 28.05 26.57 25.16 24.04 22.29 20.63 19.78 18.03 15.70 15.47 14.25 11.83 10.44 11.31  9.70  6.19  7.19  8.47  5.09  3.12  3.07  3.36  1.34  0.00  1.33  3.23  3.42
 8.69  6.43  5.88 12.00 13.44 13.82 15.26 11.89 13.05  8.42 11.62 12.48 13.24 14.12 16.67 16.07 11.31 16.43 19.12 17.49 17.12 20.15 22.24 17.84 21.35 24.09 24.54 21.82 25.04 25.73 29.06 29.61 28.62 32.18 32.57 29.02 25.91 24.36 23.45 22.29 20.07 18.75 18.49 16.48 14.00 14.63 13.72 10.72 10.02 12.07 10.56  6.00  7.01 10.27  7.05  5.39  3.18  3.31  2.96  1.33  0.00  1.20  3.32
 3.30  2.82  3.78  6.53  6.73  8.85 10.36  9.42  9.35  7.05 10.15 10.82 12.88 12.96 15.14 13.95  9.23 13.92 16.19 13.68 14.05 16.87 15.89 13.29 17.50 20.24 19.77 16.85 21.07 22.24 25.51 25.97 23.15 27.25 26.81 22.84 20.32 18.35 18.46 17.41 14.50 13.68 14.46 12.37  9.51 10.94 11.47  8.21  7.15  9.07  8.56  3.76  4.07  8.65  7.28  6.95  5.03  2.84  3.27  3.23  1.20  0.00  1.32
 7.02  7.38  2.65  9.84 11.71 10.68 12.92  9.95  8.42  5.28  7.55  7.98 10.25 10.68 13.35 12.77  8.46 14.05 16.53 14.78 15.65 18.34 17.99 16.30 20.21 22.86 23.39 21.01 24.72 25.88 29.12 29.09 27.25 31.66 31.92 27.95 25.80 23.70 23.21 22.26 19.75 18.34 18.43 16.62 13.86 13.94 14.10 11.33  9.35 11.03 10.97  6.64  5.02  9.30  8.03  7.13  6.94  4.86  2.79  3.42  3.32  1.32  0.00
